,year,name,total,open,closed,publisher,other_platform,publisher_only,both,other_platform_only
0,2020,,36101,23164,12937,17007,18206,4958,12049,8379
1,2020,Afghanistan,154,95,59,93,33,62,31,6
2,2020,Albania,345,174,171,156,103,71,85,24
3,2020,Algeria,2356,774,1582,627,352,422,205,181
4,2020,Angola,28,17,11,17,7,10,7,0
5,2020,Antigua and Barbuda,2967,1604,1363,1428,1068,536,892,385
6,2020,Argentina,16513,10351,6162,8437,7107,3244,5193,2502
7,2020,Armenia,1062,595,467,506,469,126,380,105
8,2020,Australia,124280,62447,61833,46074,48881,13566,32508,20954
9,2020,Austria,28315,18597,9718,15355,14040,4557,10798,4124
10,2020,Azerbaijan,1086,485,601,428,229,256,172,76
11,2020,Bahamas,53,34,19,26,20,14,12,10
12,2020,Bahrain,899,350,549,309,218,132,177,55
13,2020,Bangladesh,10358,5505,4853,4890,2789,2716,2174,869
14,2020,Belarus,2100,1007,1093,884,480,527,357,136
15,2020,Belgium,34993,23158,11835,15584,20098,3060,12524,9327
16,2020,Belize,14,7,7,7,5,2,5,0
17,2020,Benin,587,449,138,349,393,56,293,136
18,2020,Bermuda,45,39,6,30,31,8,22,9
19,2020,Bhutan,45,21,24,19,5,16,3,2
20,2020,Bolivia (Plurinational State of),255,174,81,163,91,83,80,18
21,2020,Bosnia and Herzegovina,1481,862,619,757,413,449,308,166
22,2020,Botswana,713,347,366,296,212,135,161,59
23,2020,Brazil,138102,95076,43026,88495,29304,65772,22723,8562
24,2020,Brunei Darussalam,596,245,351,222,135,110,112,37
25,2020,Bulgaria,5160,2756,2404,2315,1550,1206,1109,552
26,2020,Burkina Faso,130,85,45,73,60,25,48,14
27,2020,Burundi,66,45,21,39,27,18,21,6
28,2020,Cabo Verde,23,11,12,7,7,4,3,4
29,2020,Cambodia,2305,1259,1046,1140,699,560,580,185
30,2020,Cameroon,1566,949,617,872,503,446,426,116
31,2020,Canada,126183,62591,63592,49220,44592,17999,31221,18660
32,2020,Cayman Islands,10,6,4,6,5,1,5,0
33,2020,Chad,21,12,9,12,8,4,8,1
34,2020,Chile,16250,10558,5692,8893,6850,3708,5185,2333
35,2020,China,608086,224168,383918,192789,146451,77717,115072,40376
36,2020,Colombia,16515,11342,5173,10381,5954,5388,4993,1381
37,2020,Congo,104,81,23,67,54,27,40,16
38,2020,"Congo, Democratic Republic of the",364,288,76,247,215,73,174,58
39,2020,Costa Rica,1746,1255,491,1160,634,621,539,135
40,2020,Croatia,6562,4310,2252,3793,2773,1537,2256,818
41,2020,Cuba,947,676,271,597,377,299,298,110
42,2020,Cyprus,4296,2075,2221,1610,1509,566,1044,601
43,2020,Czechia,19772,10741,9031,8615,8042,2699,5916,2598
44,2020,Côte d'Ivoire,300,212,88,194,104,108,86,29
45,2020,Denmark,32350,19670,12680,14486,16493,3177,11309,6508
46,2020,Dominican Republic,225,168,57,150,95,73,77,24
47,2020,Ecuador,3459,2206,1253,2015,1177,1029,986,289
48,2020,Egypt,33843,17792,16051,16813,6294,11498,5315,1495
49,2020,El Salvador,160,120,40,116,18,102,14,5
50,2020,Eritrea,2,0,2,0,0,0,0,0
51,2020,Estonia,4332,2393,1939,1861,1762,631,1230,623
52,2020,Eswatini,142,70,72,65,23,47,18,9
53,2020,Ethiopia,7199,5255,1944,4973,4043,1212,3761,436
54,2020,Faroe Islands,67,42,25,37,25,17,20,10
55,2020,Fiji,467,213,254,171,136,77,94,49
56,2020,Finland,22071,15941,6130,11456,13750,2191,9265,5350
57,2020,France,84371,56464,27907,37693,46162,10302,27391,24346
58,2020,French Guiana,16,13,3,13,12,1,12,2
59,2020,French Polynesia,42,30,12,23,26,4,19,13
60,2020,Gabon,143,107,36,91,91,16,75,23
61,2020,Gambia,45,33,12,30,23,10,20,3
62,2020,Georgia,1077,693,384,603,525,168,435,111
63,2020,Germany,177637,106669,70968,85206,80980,25689,59517,26623
64,2020,Ghana,5139,3124,2015,2874,1757,1367,1507,321
65,2020,Greece,18994,9303,9691,7514,6784,2519,4995,2469
66,2020,Greenland,28,17,11,14,14,3,11,3
67,2020,Grenada,518,342,176,291,274,68,223,79
68,2020,Guadeloupe,319,236,83,157,209,27,130,99
69,2020,Guatemala,701,514,187,470,268,246,224,57
70,2020,Guinea,1,1,0,1,1,0,1,0
71,2020,Guinea-Bissau,41,29,12,22,26,3,19,10
72,2020,Guyana,49,40,9,35,16,24,11,7
73,2020,Haiti,9,6,3,4,5,1,3,2
74,2020,Holy See,1,0,1,0,0,0,0,0
75,2020,Honduras,3,3,0,3,2,1,2,1
76,2020,Hungary,11397,8490,2907,7353,5985,2505,4848,1665
77,2020,Iceland,1641,974,667,719,801,173,546,317
78,2020,India,161773,51990,109783,42730,28557,23433,19297,12639
79,2020,Indonesia,60404,50741,9663,49998,6338,44403,5595,1269
80,2020,Iran (Islamic Republic of),66198,25480,40718,22377,12923,12557,9820,4263
81,2020,Iraq,7686,4927,2759,4704,1225,3702,1002,328
82,2020,Ireland,17732,10638,7094,7885,8512,2126,5759,3489
83,2020,Israel,25685,13220,12465,9571,10301,2919,6652,4633
84,2020,Italy,120169,67961,52208,53278,56789,11172,42106,20553
85,2020,Jamaica,1072,521,551,456,345,176,280,99
86,2020,Japan,142166,73749,68417,63227,44432,29317,33910,14312
87,2020,Jersey,22,17,5,16,17,0,16,1
88,2020,Jordan,5327,2629,2698,2339,1558,1071,1268,396
89,2020,Kazakhstan,2808,1364,1444,1193,653,711,482,194
90,2020,Kenya,3996,2890,1106,2582,1827,1063,1519,442
91,2020,Korea (Democratic People's Republic of),161,49,112,41,13,36,5,9
92,2020,"Korea, Republic of",86199,42001,44198,37554,28967,13034,24520,6102
93,2020,Kuwait,1833,919,914,808,604,315,493,160
94,2020,Kyrgyzstan,297,183,114,171,68,115,56,31
95,2020,Lao People's Democratic Republic,251,159,92,141,115,44,97,32
96,2020,Latvia,2772,1433,1339,1277,734,699,578,202
97,2020,Lebanon,3985,2050,1935,1721,1515,535,1186,479
98,2020,Lesotho,58,29,29,28,8,21,7,1
99,2020,Liberia,24,21,3,15,17,4,11,8
100,2020,Libya,393,207,186,180,110,97,83,48
101,2020,Liechtenstein,74,31,43,22,23,8,14,10
102,2020,Lithuania,4400,2866,1534,2630,1490,1376,1254,338
103,2020,Luxembourg,1808,1242,566,723,1098,144,579,585
104,2020,Madagascar,177,133,44,114,98,35,79,27
105,2020,Malawi,680,549,131,478,476,73,405,109
106,2020,Malaysia,28077,15411,12666,13798,7606,7805,5993,2453
107,2020,Maldives,16,15,1,15,10,5,10,1
108,2020,Mali,348,257,91,204,238,19,185,66
109,2020,Malta,1028,515,513,399,391,124,275,176
110,2020,Mauritania,31,16,15,15,12,4,11,1
111,2020,Mauritius,384,119,265,103,77,42,61,22
112,2020,Mexico,30470,17730,12740,15604,9358,8372,7232,2856
113,2020,Micronesia (Federated States of),6,6,0,2,6,0,2,4
114,2020,"Moldova, Republic of",171,81,90,66,45,36,30,16
115,2020,Monaco,39,13,26,10,8,5,5,5
116,2020,Mongolia,547,278,269,252,144,134,118,31
117,2020,Montenegro,924,539,385,502,393,146,356,45
118,2020,Montserrat,6,5,1,4,3,2,2,3
119,2020,Morocco,4078,1621,2457,1419,880,741,678,274
120,2020,Mozambique,3981,2262,1719,2176,726,1536,640,139
121,2020,Myanmar,388,185,203,170,67,118,52,18
122,2020,Namibia,349,185,164,157,124,61,96,37
123,2020,Nepal,2253,1760,493,1669,968,792,877,159
124,2020,Netherlands,64788,49013,15775,38441,41019,7994,30447,13259
125,2020,New Caledonia,48,24,24,15,18,6,9,11
126,2020,New Zealand,17489,8363,9126,6355,6452,1911,4444,2562
127,2020,Nicaragua,152,127,25,120,49,78,42,16
128,2020,Niger,95,70,25,67,26,44,23,3
129,2020,Nigeria,16671,10653,6018,9866,3856,6797,3069,1085
130,2020,North Macedonia,571,315,256,283,144,171,112,46
131,2020,Norway,22679,16794,5885,13400,14149,2645,10755,4195
132,2020,Oman,1818,870,948,764,481,389,375,155
133,2020,Pakistan,29735,15347,14388,14192,7867,7480,6712,1800
134,2020,"Palestine, State of",1790,1036,754,937,622,414,523,174
135,2020,Panama,723,535,188,452,341,194,258,111
136,2020,Papua New Guinea,186,106,80,90,68,38,52,18
137,2020,Paraguay,385,277,108,266,90,187,79,17
138,2020,Peru,5508,4146,1362,3825,2105,2041,1784,529
139,2020,Philippines,5243,2698,2545,2403,1332,1366,1037,409
140,2020,Poland,46291,31113,15178,28244,18556,12557,15687,3826
141,2020,Portugal,24698,14076,10622,10914,10717,3359,7555,3913
142,2020,Qatar,3783,2081,1702,1840,1520,561,1279,324
143,2020,Romania,10806,6110,4696,5559,3459,2651,2908,880
144,2020,Russian Federation,87104,35054,52050,30230,16033,19021,11209,5946
145,2020,Rwanda,10,6,4,6,3,3,3,2
146,2020,Réunion,283,190,93,161,168,22,139,50
147,2020,Saint Kitts and Nevis,795,501,294,459,418,83,376,71
148,2020,Saint Lucia,5,3,2,3,2,1,2,1
149,2020,Saint Vincent and the Grenadines,19,14,5,12,9,5,7,4
150,2020,Samoa,15,12,3,10,9,3,7,3
151,2020,Saudi Arabia,30762,16349,14413,14218,10646,5703,8515,2715
152,2020,Senegal,597,391,206,336,248,143,193,71
153,2020,Serbia,7788,4536,3252,4039,2542,1994,2045,649
154,2020,Sierra Leone,107,85,22,76,59,26,50,10
155,2020,Singapore,25139,11404,13735,8362,8621,2783,5579,4056
156,2020,Sint Maarten (Dutch part),49,35,14,34,31,4,30,5
157,2020,Slovakia,5909,3298,2611,2969,1864,1434,1535,412
158,2020,Slovenia,5498,3489,2009,2926,2476,1013,1913,745
159,2020,Somalia,14,5,9,5,2,3,2,1
160,2020,South Africa,32387,18252,14135,15142,12038,6214,8928,4168
161,2020,South Sudan,31,17,14,16,6,11,5,1
162,2020,Spain,100894,63432,37462,49228,49097,14335,34893,18194
163,2020,Sri Lanka,3724,2117,1607,1950,939,1178,772,220
164,2020,Sudan,968,675,293,603,397,278,325,94
165,2020,Suriname,43,30,13,24,25,5,19,7
166,2020,Svalbard and Jan Mayen,148,120,28,99,99,21,78,22
167,2020,Sweden,46254,33426,12828,27670,26500,6926,20744,7313
168,2020,Switzerland,51488,35402,16086,26021,30229,5173,20848,11707
169,2020,Syrian Arab Republic,522,337,185,318,199,138,180,27
170,2020,"Taiwan, Province of China",38313,17236,21077,15500,11465,5771,9729,2361
171,2020,Tajikistan,257,128,129,122,62,66,56,15
172,2020,"Tanzania, United Republic of",1536,1078,458,995,770,308,687,124
173,2020,Thailand,16410,7944,8466,7152,5146,2798,4354,1099
174,2020,Timor-Leste,2,2,0,2,1,1,1,0
175,2020,Togo,175,114,61,99,63,51,48,18
176,2020,Trinidad and Tobago,77,57,20,55,22,35,20,4
177,2020,Tunisia,5842,1862,3980,1510,1129,733,777,453
178,2020,Turkey,45963,17984,27979,15090,9815,8169,6921,4531
179,2020,Turkmenistan,3,2,1,1,1,1,0,1
180,2020,Uganda,2155,1642,513,1447,1280,362,1085,261
181,2020,Ukraine,16796,10808,5988,10197,3176,7632,2565,985
182,2020,United Arab Emirates,8825,3846,4979,3164,2531,1315,1849,843
183,2020,United Kingdom of Great Britain and Northern Ireland,246046,170496,75550,115277,145177,25319,89958,67086
184,2020,United States of America,834838,446594,388244,330139,329055,117539,212600,157009
185,2020,Uruguay,1773,1061,712,893,576,485,408,216
186,2020,Uzbekistan,961,511,450,455,163,348,107,67
187,2020,Venezuela (Bolivarian Republic of),1609,1118,491,985,497,621,364,174
188,2020,Viet Nam,12576,4794,7782,4214,2537,2257,1957,732
189,2020,Virgin Islands (British),17,3,14,1,2,1,0,2
190,2020,Yemen,644,340,304,317,141,199,118,33
191,2020,Zambia,707,542,165,483,413,129,354,91
192,2020,Zimbabwe,2475,1020,1455,860,595,425,435,188
193,2020,Åland Islands,3,3,0,2,3,0,2,1
194,2019,,38424,24438,13986,17493,19602,4836,12657,9799
195,2019,Afghanistan,70,45,25,42,23,22,20,6
196,2019,Albania,261,137,124,111,79,58,53,33
197,2019,Algeria,2070,650,1420,482,357,293,189,198
198,2019,Angola,33,23,10,22,14,9,13,1
199,2019,Antigua and Barbuda,1931,1029,902,902,714,315,587,246
200,2019,Argentina,14240,8658,5582,6883,6544,2114,4769,2298
201,2019,Armenia,1119,648,471,576,550,98,478,88
202,2019,Aruba,6,0,6,0,0,0,0,0
203,2019,Australia,115165,58065,57100,39537,45932,12133,27404,22524
204,2019,Austria,25963,15527,10436,12371,11876,3651,8720,3953
205,2019,Azerbaijan,944,439,505,392,286,153,239,55
206,2019,Bahamas,37,19,18,13,14,5,8,7
207,2019,Bahrain,688,249,439,214,147,102,112,42
208,2019,Bangladesh,7821,3548,4273,3101,1872,1676,1425,541
209,2019,Belarus,2044,1088,956,936,595,493,443,177
210,2019,Belgium,32471,21131,11340,13061,18465,2666,10395,9700
211,2019,Belize,12,9,3,6,8,1,5,3
212,2019,Benin,612,466,146,372,411,55,317,135
213,2019,Bermuda,34,24,10,19,17,7,12,5
214,2019,Bhutan,24,5,19,5,2,3,2,0
215,2019,Bolivia (Plurinational State of),248,166,82,148,91,75,73,22
216,2019,Bosnia and Herzegovina,1318,737,581,632,377,360,272,147
217,2019,Botswana,573,278,295,236,163,115,121,59
218,2019,Brazil,118814,79375,39439,73429,33552,45823,27606,7599
219,2019,Brunei Darussalam,465,179,286,157,89,90,67,24
220,2019,Bulgaria,4747,2431,2316,2016,1400,1031,985,519
221,2019,Burkina Faso,114,81,33,67,60,21,46,16
222,2019,Burundi,35,23,12,22,10,13,9,2
223,2019,Cabo Verde,28,13,15,12,11,2,10,2
224,2019,Cambodia,1660,872,788,775,443,429,346,130
225,2019,Cameroon,1096,632,464,569,395,237,332,74
226,2019,Canada,114459,55203,59256,41832,39501,15702,26130,18209
227,2019,Cayman Islands,8,7,1,6,6,1,5,1
228,2019,Chad,20,15,5,11,15,0,11,9
229,2019,Chile,14119,8834,5285,7276,6509,2325,4951,2135
230,2019,China,541956,181898,360058,153572,119478,62420,91152,35049
231,2019,Colombia,15308,10194,5114,9216,5943,4251,4965,1358
232,2019,Congo,84,62,22,53,30,32,21,11
233,2019,"Congo, Democratic Republic of the",279,214,65,167,172,42,125,52
234,2019,Costa Rica,1475,1021,454,922,565,456,466,134
235,2019,Croatia,5931,3752,2179,3250,2440,1312,1938,746
236,2019,Cuba,842,568,274,493,338,230,263,86
237,2019,Cyprus,3476,1685,1791,1222,1309,376,846,526
238,2019,Czechia,18986,9666,9320,7512,7031,2635,4877,2631
239,2019,Côte d'Ivoire,263,178,85,160,76,102,58,24
240,2019,Denmark,29320,18569,10751,12343,15891,2678,9665,7692
241,2019,Dominica,3,2,1,2,1,1,1,1
242,2019,Dominican Republic,150,112,38,99,67,45,54,17
243,2019,Ecuador,3088,1907,1181,1734,1148,759,975,290
244,2019,Egypt,27264,13713,13551,12754,4591,9122,3632,1338
245,2019,El Salvador,134,101,33,97,30,71,26,6
246,2019,Eritrea,6,3,3,3,2,1,2,1
247,2019,Estonia,4183,2178,2005,1701,1649,529,1172,582
248,2019,Eswatini,101,54,47,49,24,30,19,5
249,2019,Ethiopia,5567,3857,1710,3599,2947,910,2689,390
250,2019,Faroe Islands,65,40,25,32,35,5,27,15
251,2019,Fiji,403,190,213,132,142,48,84,71
252,2019,Finland,20214,15033,5181,9308,13342,1691,7617,6754
253,2019,France,80053,51369,28684,32895,42345,9024,23871,24396
254,2019,French Guiana,9,7,2,7,6,1,6,1
255,2019,French Polynesia,45,27,18,20,24,3,17,10
256,2019,Gabon,169,95,74,86,74,21,65,17
257,2019,Gambia,27,23,4,21,12,11,10,2
258,2019,Georgia,1025,676,349,605,525,151,454,84
259,2019,Germany,167625,86658,80967,64032,67685,18973,45059,28004
260,2019,Ghana,3928,2233,1695,2018,1349,884,1134,263
261,2019,Gibraltar,4,0,4,0,0,0,0,0
262,2019,Greece,16985,7757,9228,5970,5625,2132,3838,2236
263,2019,Greenland,21,17,4,13,16,1,12,5
264,2019,Grenada,449,271,178,212,197,74,138,83
265,2019,Guadeloupe,206,151,55,97,136,15,82,75
266,2019,Guatemala,509,355,154,324,218,137,187,40
267,2019,Guinea,2,2,0,0,2,0,0,2
268,2019,Guinea-Bissau,42,30,12,23,24,6,17,8
269,2019,Guyana,44,32,12,25,12,20,5,8
270,2019,Haiti,6,4,2,4,3,1,3,0
271,2019,Holy See,2,1,1,1,1,0,1,0
272,2019,Honduras,2,2,0,2,0,2,0,0
273,2019,Hungary,10828,7313,3515,5834,5573,1740,4094,1954
274,2019,Iceland,1697,1093,604,767,883,210,557,413
275,2019,India,132193,38905,93288,30786,22753,16152,14634,9680
276,2019,Indonesia,54095,45385,8710,44574,8254,37131,7443,1536
277,2019,Iran (Islamic Republic of),58201,20903,37298,17869,10527,10376,7493,3626
278,2019,Iraq,5930,3662,2268,3449,1156,2506,943,268
279,2019,Ireland,15801,9407,6394,6281,7315,2092,4189,3752
280,2019,Israel,23156,11245,11911,7980,8681,2564,5416,4106
281,2019,Italy,103416,53611,49805,38110,46014,7597,30513,19155
282,2019,Jamaica,897,401,496,322,292,109,213,104
283,2019,Japan,139152,67747,71405,57789,38060,29687,28102,13869
284,2019,Jersey,29,22,7,12,22,0,12,13
285,2019,Jordan,4408,1823,2585,1578,1128,695,883,289
286,2019,Kazakhstan,2286,1015,1271,823,576,439,384,220
287,2019,Kenya,3145,2305,840,2015,1568,737,1278,403
288,2019,Korea (Democratic People's Republic of),163,51,112,38,22,29,9,13
289,2019,"Korea, Republic of",82556,36800,45756,32394,25261,11539,20855,5947
290,2019,Kuwait,1433,603,830,516,411,192,324,113
291,2019,Kyrgyzstan,170,90,80,85,44,46,39,13
292,2019,Lao People's Democratic Republic,196,120,76,107,88,32,75,16
293,2019,Latvia,2459,1243,1216,1077,613,630,447,200
294,2019,Lebanon,3413,1616,1797,1308,1183,433,875,409
295,2019,Lesotho,56,32,24,31,13,19,12,1
296,2019,Liberia,15,12,3,12,10,2,10,0
297,2019,Libya,294,156,138,149,51,105,44,10
298,2019,Liechtenstein,44,16,28,9,10,6,3,7
299,2019,Lithuania,3796,2389,1407,2146,1331,1058,1088,336
300,2019,Luxembourg,1797,1191,606,592,1063,128,464,672
301,2019,Madagascar,146,105,41,80,78,27,53,33
302,2019,Malawi,561,434,127,372,394,40,332,80
303,2019,Malaysia,25523,13493,12030,11510,7029,6464,5046,2691
304,2019,Maldives,7,6,1,6,4,2,4,0
305,2019,Mali,250,204,46,134,188,16,118,80
306,2019,Malta,915,434,481,303,324,110,193,162
307,2019,Mauritania,26,17,9,12,12,5,7,5
308,2019,Mauritius,371,92,279,82,54,38,44,13
309,2019,Mexico,28403,16342,12061,14345,8896,7446,6899,2635
310,2019,Micronesia (Federated States of),1,0,1,0,0,0,0,0
311,2019,"Moldova, Republic of",224,88,136,71,47,41,30,24
312,2019,Monaco,32,7,25,4,5,2,2,3
313,2019,Mongolia,472,270,202,252,120,150,102,24
314,2019,Montenegro,508,281,227,245,193,88,157,43
315,2019,Montserrat,2,2,0,2,1,1,1,0
316,2019,Morocco,3131,1119,2012,973,647,472,501,181
317,2019,Mozambique,2897,1559,1338,1463,497,1062,401,139
318,2019,Myanmar,243,125,118,116,68,57,59,14
319,2019,Namibia,257,152,105,122,106,46,76,43
320,2019,Nepal,1628,1249,379,1180,640,609,571,88
321,2019,Netherlands,60534,43322,17212,32471,36579,6743,25728,13635
322,2019,New Caledonia,21,12,9,8,12,0,8,4
323,2019,New Zealand,16263,7540,8723,5443,5842,1698,3745,2583
324,2019,Nicaragua,100,81,19,71,49,32,39,15
325,2019,Niger,88,67,21,63,35,32,31,4
326,2019,Nigeria,12362,7703,4659,7082,2946,4757,2325,875
327,2019,North Macedonia,521,313,208,274,180,133,141,87
328,2019,Norway,20860,14662,6198,9884,12924,1738,8146,5691
329,2019,Oman,1471,598,873,531,359,239,292,77
330,2019,Pakistan,22755,10657,12098,9540,6333,4324,5216,1491
331,2019,"Palestine, State of",1509,777,732,694,454,323,371,129
332,2019,Panama,692,428,264,336,316,112,224,126
333,2019,Papua New Guinea,162,102,60,82,72,30,52,25
334,2019,Paraguay,344,271,73,264,91,180,84,13
335,2019,Peru,4425,3345,1080,3109,1713,1632,1477,344
336,2019,Philippines,4450,2060,2390,1854,1005,1055,799,262
337,2019,Poland,45235,27175,18060,24169,15144,12031,12138,4000
338,2019,Portugal,22870,12640,10230,8889,9871,2769,6120,4450
339,2019,Qatar,2701,1244,1457,1049,947,297,752,250
340,2019,Romania,9606,4721,4885,4031,2733,1988,2043,921
341,2019,Russian Federation,77690,30168,47522,25409,14175,15993,9416,5703
342,2019,Rwanda,1,1,0,1,1,0,1,0
343,2019,Réunion,261,181,80,135,158,23,112,66
344,2019,Saint Kitts and Nevis,533,305,228,286,245,60,226,33
345,2019,Saint Lucia,5,3,2,2,2,1,1,1
346,2019,Saint Vincent and the Grenadines,5,5,0,5,4,1,4,1
347,2019,Samoa,16,8,8,2,8,0,2,6
348,2019,Saudi Arabia,22700,11040,11660,8892,7526,3514,5378,2568
349,2019,Senegal,466,276,190,240,179,97,143,55
350,2019,Serbia,7561,4469,3092,3838,2802,1667,2171,841
351,2019,Sierra Leone,63,46,17,41,35,11,30,11
352,2019,Singapore,22201,9163,13038,6451,7000,2163,4288,3282
353,2019,Sint Maarten (Dutch part),24,19,5,19,14,5,14,0
354,2019,Slovakia,5892,3035,2857,2692,1641,1394,1298,422
355,2019,Slovenia,4781,2836,1945,2255,2022,814,1441,720
356,2019,Somalia,14,11,3,9,7,4,5,2
357,2019,South Africa,29129,15777,13352,12877,11125,4652,8225,3846
358,2019,South Sudan,26,17,9,16,9,8,8,2
359,2019,Spain,91513,57004,34509,40545,45712,11292,29253,20050
360,2019,Sri Lanka,3004,1713,1291,1574,865,848,726,168
361,2019,Sudan,874,511,363,439,302,209,230,87
362,2019,Suriname,37,25,12,17,22,3,14,8
363,2019,Svalbard and Jan Mayen,153,114,39,83,106,8,75,34
364,2019,Sweden,43251,28651,14600,22285,22924,5727,16558,8095
365,2019,Switzerland,47444,30909,16535,21068,26491,4418,16650,12098
366,2019,Syrian Arab Republic,350,208,142,191,119,89,102,18
367,2019,"Taiwan, Province of China",35537,14661,20876,13067,9816,4845,8222,2118
368,2019,Tajikistan,174,98,76,94,55,43,51,6
369,2019,"Tanzania, United Republic of",1231,853,378,756,659,194,562,137
370,2019,Thailand,14605,6312,8293,5525,4188,2124,3401,1014
371,2019,Timor-Leste,1,1,0,1,1,0,1,0
372,2019,Togo,160,103,57,91,62,41,50,16
373,2019,Trinidad and Tobago,46,28,18,19,18,10,9,13
374,2019,Tunisia,5470,1572,3898,1191,995,577,614,465
375,2019,Turkey,39762,15788,23974,12779,9672,6116,6663,4220
376,2019,Turkmenistan,3,1,2,1,0,1,0,0
377,2019,Uganda,1730,1320,410,1115,1079,241,874,271
378,2019,Ukraine,14654,8854,5800,8279,2844,6010,2269,822
379,2019,United Arab Emirates,6961,2600,4361,1952,1786,814,1138,738
380,2019,United Kingdom of Great Britain and Northern Ireland,225881,158763,67118,94802,138414,20349,74453,74968
381,2019,United States of America,766079,398352,367727,286043,296500,101852,184191,150145
382,2019,Uruguay,1617,925,692,762,555,370,392,231
383,2019,Uzbekistan,567,265,302,216,117,148,68,67
384,2019,Venezuela (Bolivarian Republic of),1237,856,381,748,508,348,400,135
385,2019,Viet Nam,8918,3233,5685,2714,1935,1298,1416,679
386,2019,Virgin Islands (British),18,3,15,1,2,1,0,2
387,2019,Yemen,538,225,313,206,101,124,82,25
388,2019,Zambia,515,387,128,326,310,77,249,79
389,2019,Zimbabwe,2246,918,1328,745,604,314,431,197
390,2019,Åland Islands,6,4,2,3,2,2,1,1
391,2018,,39860,23582,16278,15995,19208,4374,11621,10085
392,2018,Afghanistan,55,35,20,34,29,6,28,1
393,2018,Albania,343,150,193,126,76,74,52,34
394,2018,Algeria,2341,598,1743,425,332,266,159,185
395,2018,Angola,32,22,10,18,16,6,12,4
396,2018,Antigua and Barbuda,1396,805,591,682,584,221,461,222
397,2018,Argentina,13687,8267,5420,6416,6439,1828,4588,2343
398,2018,Armenia,999,627,372,567,554,73,494,74
399,2018,Aruba,1,1,0,1,1,0,1,0
400,2018,Australia,107056,53681,53375,35142,43238,10443,24699,22902
401,2018,Austria,24608,14187,10421,11061,11103,3084,7977,4062
402,2018,Azerbaijan,896,451,445,434,288,163,271,28
403,2018,Bahamas,44,21,23,17,15,6,11,4
404,2018,Bahrain,485,188,297,161,118,70,91,43
405,2018,Bangladesh,6841,3545,3296,3116,1963,1582,1534,557
406,2018,Belarus,1565,694,871,572,450,244,328,136
407,2018,Belgium,31934,20354,11580,12441,17520,2834,9607,9702
408,2018,Belize,15,7,8,7,3,4,3,0
409,2018,Benin,602,412,190,314,363,49,265,123
410,2018,Bermuda,32,24,8,17,20,4,13,9
411,2018,Bhutan,23,9,14,7,3,6,1,2
412,2018,Bolivia (Plurinational State of),226,153,73,136,93,60,76,26
413,2018,Bosnia and Herzegovina,1276,667,609,569,389,278,291,134
414,2018,Botswana,572,270,302,224,180,90,134,55
415,2018,Brazil,111640,75586,36054,68238,41873,33713,34525,9171
416,2018,Brunei Darussalam,421,149,272,129,81,68,61,27
417,2018,Bulgaria,4049,2187,1862,1864,1327,860,1004,459
418,2018,Burkina Faso,100,72,28,57,61,11,46,15
419,2018,Burundi,26,14,12,13,11,3,10,1
420,2018,Cabo Verde,32,23,9,17,14,9,8,7
421,2018,Cambodia,1290,631,659,551,386,245,306,110
422,2018,Cameroon,946,498,448,441,339,159,282,70
423,2018,Canada,108796,51739,57057,39034,37848,13891,25143,18134
424,2018,Cayman Islands,14,8,6,6,7,1,5,2
425,2018,Chad,11,9,2,8,4,5,3,2
426,2018,Chile,13435,8611,4824,6943,6525,2086,4857,2129
427,2018,China,465329,151804,313525,126039,102993,48811,77228,32606
428,2018,Colombia,14414,9513,4901,8546,6264,3249,5297,1362
429,2018,Congo,61,33,28,29,23,10,19,8
430,2018,"Congo, Democratic Republic of the",210,148,62,120,133,15,105,33
431,2018,Costa Rica,1362,993,369,903,634,359,544,130
432,2018,Croatia,5537,3380,2157,2916,2277,1103,1813,673
433,2018,Cuba,794,467,327,401,331,136,265,90
434,2018,Curaçao,1,1,0,1,1,0,1,0
435,2018,Cyprus,3284,1589,1695,1153,1345,244,909,513
436,2018,Czechia,17590,8622,8968,6647,6413,2209,4438,2468
437,2018,Côte d'Ivoire,266,193,73,181,83,110,71,16
438,2018,Denmark,28181,17995,10186,11807,15240,2755,9052,7796
439,2018,Dominican Republic,126,94,32,86,53,41,45,13
440,2018,Ecuador,3267,1986,1281,1804,1291,695,1109,333
441,2018,Egypt,23939,11324,12615,10434,4075,7249,3185,1183
442,2018,El Salvador,195,164,31,156,78,86,70,30
443,2018,Eritrea,1,1,0,1,0,1,0,0
444,2018,Estonia,3792,1948,1844,1475,1531,417,1058,592
445,2018,Eswatini,71,37,34,27,20,17,10,11
446,2018,Ethiopia,4527,3025,1502,2754,2374,651,2103,394
447,2018,Faroe Islands,71,51,20,30,45,6,24,24
448,2018,Fiji,331,131,200,90,103,28,62,48
449,2018,Finland,19227,13382,5845,7823,11900,1482,6341,6573
450,2018,France,79443,44871,34572,26678,37815,7056,19622,22080
451,2018,French Guiana,5,5,0,2,5,0,2,3
452,2018,French Polynesia,42,23,19,18,20,3,15,8
453,2018,Gabon,146,73,73,68,50,23,45,13
454,2018,Gambia,21,18,3,18,13,5,13,1
455,2018,Georgia,1068,748,320,686,586,162,524,72
456,2018,Germany,160007,77888,82119,55078,62171,15717,39361,28904
457,2018,Ghana,3263,1780,1483,1547,1258,522,1025,296
458,2018,Gibraltar,8,6,2,4,6,0,4,3
459,2018,Greece,16554,7508,9046,5631,5545,1963,3668,2375
460,2018,Greenland,30,25,5,20,21,4,16,8
461,2018,Grenada,431,253,178,214,197,56,158,65
462,2018,Guadeloupe,149,96,53,55,80,16,39,53
463,2018,Guatemala,510,359,151,324,220,139,185,45
464,2018,Guinea-Bissau,44,30,14,26,26,4,22,10
465,2018,Guyana,31,22,9,17,12,10,7,5
466,2018,Haiti,3,0,3,0,0,0,0,0
467,2018,Holy See,3,2,1,0,2,0,0,2
468,2018,Honduras,2,2,0,0,2,0,0,2
469,2018,Hungary,10314,6419,3895,4393,5243,1176,3217,2588
470,2018,Iceland,1515,869,646,584,755,114,470,375
471,2018,India,124535,35976,88559,28447,21163,14813,13634,8929
472,2018,Indonesia,45418,38148,7270,37225,11015,27133,10092,1501
473,2018,Iran (Islamic Republic of),52090,17820,34270,15201,10127,7693,7508,3153
474,2018,Iraq,4522,2785,1737,2533,1271,1514,1019,300
475,2018,Ireland,14869,8434,6435,5457,6887,1547,3910,3621
476,2018,Israel,21888,10569,11319,7588,8062,2507,5081,3854
477,2018,Italy,96994,48490,48504,32810,41408,7082,25728,19363
478,2018,Jamaica,795,394,401,323,294,100,223,94
479,2018,Japan,136787,66114,70673,56496,36170,29944,26552,13938
480,2018,Jersey,16,14,2,10,13,1,9,6
481,2018,Jordan,3748,1460,2288,1231,953,507,724,301
482,2018,Kazakhstan,1695,696,999,495,445,251,244,220
483,2018,Kenya,2825,1983,842,1668,1406,577,1091,408
484,2018,Korea (Democratic People's Republic of),93,23,70,16,11,12,4,7
485,2018,"Korea, Republic of",78716,33505,45211,28350,23339,10166,18184,6723
486,2018,Kuwait,1308,515,793,421,373,142,279,116
487,2018,Kyrgyzstan,91,54,37,51,21,33,18,5
488,2018,Lao People's Democratic Republic,125,71,54,60,61,10,50,13
489,2018,Latvia,2200,1099,1101,944,605,494,450,186
490,2018,Lebanon,3176,1436,1740,1099,1049,387,712,414
491,2018,Lesotho,37,19,18,18,9,10,8,2
492,2018,Liberia,18,13,5,9,10,3,6,6
493,2018,Libya,248,135,113,108,82,53,55,37
494,2018,Liechtenstein,46,20,26,12,16,4,8,10
495,2018,Lithuania,3492,2110,1382,1910,1201,909,1001,282
496,2018,Luxembourg,1634,994,640,479,889,105,374,572
497,2018,Madagascar,133,88,45,76,74,14,62,18
498,2018,Malawi,532,431,101,355,396,35,320,104
499,2018,Malaysia,25915,13325,12590,10914,7834,5491,5423,3130
500,2018,Maldives,5,4,1,4,3,1,3,0
501,2018,Mali,293,255,38,139,243,12,127,125
502,2018,Malta,848,387,461,257,312,75,182,170
503,2018,Mauritania,22,19,3,18,19,0,18,1
504,2018,Mauritius,280,85,195,66,54,31,35,20
505,2018,Mexico,26093,14633,11460,12561,9099,5534,7027,2970
506,2018,Micronesia (Federated States of),5,2,3,2,2,0,2,0
507,2018,"Moldova, Republic of",259,83,176,63,42,41,22,20
508,2018,Monaco,26,8,18,5,5,3,2,3
509,2018,Mongolia,456,228,228,205,121,107,98,27
510,2018,Montenegro,419,186,233,156,117,69,87,33
511,2018,Montserrat,9,9,0,5,8,1,4,4
512,2018,Morocco,2702,964,1738,815,639,325,490,174
513,2018,Mozambique,2038,1023,1015,910,434,589,321,137
514,2018,Myanmar,206,68,138,56,38,30,26,15
515,2018,Namibia,221,115,106,96,79,36,60,33
516,2018,Nepal,1848,1483,365,1432,710,773,659,85
517,2018,Netherlands,57350,39907,17443,28854,33603,6304,22550,14592
518,2018,New Caledonia,20,9,11,6,8,1,5,6
519,2018,New Zealand,15449,7008,8441,4998,5447,1561,3437,2579
520,2018,Nicaragua,94,75,19,71,50,25,46,19
521,2018,Niger,63,44,19,37,18,26,11,7
522,2018,Nigeria,10325,6022,4303,5479,3052,2970,2509,722
523,2018,North Macedonia,472,278,194,231,186,92,139,96
524,2018,Norway,19856,13298,6558,8426,11473,1825,6601,5883
525,2018,Oman,1304,516,788,437,327,189,248,95
526,2018,Pakistan,18924,8629,10295,7493,5618,3011,4482,1430
527,2018,"Palestine, State of",1281,735,546,637,437,298,339,149
528,2018,Panama,575,413,162,356,256,157,199,88
529,2018,Papua New Guinea,135,64,71,52,55,9,43,21
530,2018,Paraguay,325,266,59,257,130,136,121,16
531,2018,Peru,3517,2695,822,2426,1693,1002,1424,417
532,2018,Philippines,3652,1449,2203,1269,830,619,650,242
533,2018,Poland,46014,26459,19555,23302,15194,11265,12037,4356
534,2018,Portugal,21109,11534,9575,7874,9340,2194,5680,4311
535,2018,Qatar,2471,1018,1453,783,828,190,593,294
536,2018,Romania,8611,3884,4727,3232,2185,1699,1533,880
537,2018,Russian Federation,66151,22755,43396,18352,12653,10102,8250,5369
538,2018,Rwanda,5,5,0,4,4,1,3,1
539,2018,Réunion,242,136,106,105,119,17,88,45
540,2018,Saint Kitts and Nevis,385,239,146,216,198,41,175,43
541,2018,Saint Lucia,17,15,2,15,4,11,4,1
542,2018,Saint Vincent and the Grenadines,5,4,1,4,4,0,4,0
543,2018,Samoa,9,4,5,4,1,3,1,0
544,2018,Saudi Arabia,19779,9158,10621,6994,6702,2456,4538,2580
545,2018,Senegal,465,234,231,198,164,70,128,46
546,2018,Serbia,6636,3642,2994,3072,2483,1159,1913,681
547,2018,Sierra Leone,62,48,14,46,39,9,37,6
548,2018,Singapore,21278,8230,13048,5655,6297,1933,3722,3129
549,2018,Sint Maarten (Dutch part),30,14,16,10,12,2,8,4
550,2018,Slovakia,5379,2609,2770,2193,1607,1002,1191,509
551,2018,Slovenia,4532,2488,2044,1929,1823,665,1264,664
552,2018,Somalia,7,4,3,4,2,2,2,0
553,2018,South Africa,26740,14874,11866,11585,11450,3424,8161,4317
554,2018,South Sudan,15,10,5,9,10,0,9,1
555,2018,Spain,87360,52440,34920,35943,42518,9922,26021,20106
556,2018,Sri Lanka,2822,1701,1121,1556,948,753,803,176
557,2018,Sudan,742,384,358,329,261,123,206,73
558,2018,Suriname,32,19,13,15,16,3,12,5
559,2018,Svalbard and Jan Mayen,167,119,48,83,101,18,65,48
560,2018,Sweden,41386,26446,14940,19941,21197,5249,14692,8702
561,2018,Switzerland,45610,28907,16703,19228,24624,4283,14945,12194
562,2018,Syrian Arab Republic,311,184,127,166,98,86,80,19
563,2018,"Taiwan, Province of China",33200,13068,20132,11435,8862,4206,7229,2181
564,2018,Tajikistan,130,73,57,69,43,30,39,7
565,2018,"Tanzania, United Republic of",1042,714,328,622,549,165,457,118
566,2018,Thailand,13913,5888,8025,5074,3885,2003,3071,1132
567,2018,Timor-Leste,1,1,0,1,1,0,1,0
568,2018,Togo,162,99,63,89,65,34,55,12
569,2018,Trinidad and Tobago,47,19,28,18,10,9,9,1
570,2018,Tunisia,5504,1376,4128,944,913,463,481,473
571,2018,Turkey,36865,15441,21424,12309,10524,4917,7392,4493
572,2018,Turkmenistan,3,0,3,0,0,0,0,0
573,2018,Uganda,1636,1235,401,1000,1064,171,829,311
574,2018,Ukraine,11330,6269,5061,5610,2742,3527,2083,804
575,2018,United Arab Emirates,5626,1957,3669,1447,1404,553,894,603
576,2018,United Kingdom of Great Britain and Northern Ireland,214914,152113,62801,88474,134703,17410,71064,76093
577,2018,United States of America,725187,372279,352908,262607,281543,90736,171871,151256
578,2018,Uruguay,1523,825,698,684,526,299,385,188
579,2018,Uzbekistan,332,124,208,80,91,33,47,51
580,2018,Venezuela (Bolivarian Republic of),1261,840,421,728,533,307,421,151
581,2018,Viet Nam,6136,2186,3950,1768,1379,807,961,489
582,2018,Virgin Islands (British),17,2,15,1,2,0,1,1
583,2018,Yemen,448,171,277,154,90,81,73,24
584,2018,Zambia,495,373,122,301,315,58,243,85
585,2018,Zimbabwe,1843,711,1132,539,511,200,339,192
586,2018,Åland Islands,3,2,1,2,0,2,0,0
587,2017,,39420,22514,16906,15319,18471,4043,11276,9835
588,2017,Afghanistan,34,12,22,11,10,2,9,2
589,2017,Albania,285,139,146,110,78,61,49,37
590,2017,Algeria,1893,529,1364,367,291,238,129,184
591,2017,Angola,33,16,17,14,13,3,11,4
592,2017,Antigua and Barbuda,688,402,286,353,288,114,239,97
593,2017,Argentina,12749,7459,5290,5785,5955,1504,4281,2220
594,2017,Armenia,874,532,342,456,476,56,400,89
595,2017,Aruba,2,1,1,1,1,0,1,0
596,2017,Australia,102131,49448,52683,32549,39555,9893,22656,21195
597,2017,Austria,23032,12550,10482,9568,9928,2622,6946,3905
598,2017,Azerbaijan,675,275,400,242,183,92,150,41
599,2017,Bahamas,44,18,26,14,9,9,5,4
600,2017,Bahrain,389,165,224,142,114,51,91,30
601,2017,Bangladesh,6013,3268,2745,2883,1793,1475,1408,481
602,2017,Belarus,1319,478,841,373,354,124,249,126
603,2017,Belgium,30263,17782,12481,10893,15156,2626,8267,8511
604,2017,Belize,5,2,3,1,2,0,1,1
605,2017,Benin,574,379,195,318,329,50,268,107
606,2017,Bermuda,37,29,8,22,26,3,19,10
607,2017,Bhutan,19,10,9,7,3,7,0,3
608,2017,Bolivia (Plurinational State of),191,129,62,122,67,62,60,14
609,2017,Bosnia and Herzegovina,1041,593,448,467,426,167,300,178
610,2017,Botswana,475,233,242,189,137,96,93,52
611,2017,Brazil,100892,68284,32608,61423,40297,27987,33436,8925
612,2017,Brunei Darussalam,379,139,240,107,85,54,53,41
613,2017,Bulgaria,3744,1899,1845,1542,1225,674,868,456
614,2017,Burkina Faso,89,57,32,50,49,8,42,13
615,2017,Burundi,22,10,12,6,8,2,4,4
616,2017,Cabo Verde,19,13,6,11,12,1,10,2
617,2017,Cambodia,982,474,508,409,312,162,247,90
618,2017,Cameroon,793,426,367,380,313,113,267,60
619,2017,Canada,102495,47417,55078,35420,34704,12713,22707,17390
620,2017,Cayman Islands,1,0,1,0,0,0,0,0
621,2017,Chad,14,10,4,8,8,2,6,3
622,2017,Chile,12265,7725,4540,6298,5956,1769,4529,1969
623,2017,China,394913,131404,263509,109875,88672,42732,67143,28300
624,2017,Colombia,14247,9949,4298,8981,6397,3552,5429,1415
625,2017,Congo,50,28,22,24,17,11,13,4
626,2017,"Congo, Democratic Republic of the",234,160,74,131,139,21,110,37
627,2017,Costa Rica,1287,976,311,856,668,308,548,162
628,2017,Croatia,5107,3071,2036,2644,2268,803,1841,744
629,2017,Cuba,773,483,290,407,354,129,278,94
630,2017,Cyprus,3089,1499,1590,1115,1126,373,742,440
631,2017,Czechia,17190,8168,9022,6446,5889,2279,4167,2222
632,2017,Côte d'Ivoire,221,136,85,123,63,73,50,19
633,2017,Denmark,26883,16093,10790,10764,13443,2650,8114,6811
634,2017,Dominican Republic,112,94,18,88,58,36,52,9
635,2017,Ecuador,2717,1636,1081,1456,1088,548,908,331
636,2017,Egypt,19495,8411,11084,7641,3277,5134,2507,1041
637,2017,El Salvador,376,333,43,309,179,154,155,117
638,2017,Estonia,3499,1745,1754,1367,1305,440,927,494
639,2017,Eswatini,45,22,23,17,12,10,7,5
640,2017,Ethiopia,4020,2600,1420,2321,2071,529,1792,390
641,2017,Faroe Islands,50,38,12,28,35,3,25,18
642,2017,Fiji,313,137,176,99,106,31,68,41
643,2017,Finland,18541,11624,6917,6831,10219,1405,5426,5834
644,2017,France,77100,42280,34820,25903,35153,7127,18776,20453
645,2017,French Guiana,2,2,0,2,2,0,2,0
646,2017,French Polynesia,28,19,9,13,17,2,11,8
647,2017,Gabon,118,67,51,61,45,22,39,11
648,2017,Gambia,11,9,2,7,8,1,6,2
649,2017,Georgia,832,557,275,481,442,115,366,89
650,2017,Germany,152656,71536,81120,50659,57015,14521,36138,27149
651,2017,Ghana,2595,1428,1167,1223,1024,404,819,261
652,2017,Gibraltar,1,1,0,1,0,1,0,0
653,2017,Greece,16145,7093,9052,5310,4990,2103,3207,2255
654,2017,Greenland,16,9,7,7,8,1,6,2
655,2017,Grenada,357,202,155,166,147,55,111,50
656,2017,Guadeloupe,145,89,56,56,76,13,43,39
657,2017,Guatemala,471,321,150,288,196,125,163,57
658,2017,Guinea,3,3,0,3,3,0,3,0
659,2017,Guinea-Bissau,33,25,8,24,21,4,20,3
660,2017,Guyana,22,16,6,13,7,9,4,3
661,2017,Haiti,6,3,3,2,2,1,1,1
662,2017,Holy See,1,1,0,1,1,0,1,0
663,2017,Honduras,1,1,0,1,0,1,0,0
664,2017,Hungary,9308,5662,3646,3643,4691,971,2672,2516
665,2017,Iceland,1517,864,653,548,731,133,415,396
666,2017,India,114126,35188,78938,28055,20432,14756,13299,8474
667,2017,Indonesia,30812,23742,7070,22933,7785,15957,6976,1270
668,2017,Iran (Islamic Republic of),48310,16147,32163,13896,9191,6956,6940,2744
669,2017,Iraq,2746,1557,1189,1354,721,836,518,231
670,2017,Ireland,13774,7550,6224,4815,6138,1412,3403,3338
671,2017,Israel,20626,9466,11160,6820,7174,2292,4528,3518
672,2017,Italy,92387,44901,47486,29971,38446,6455,23516,18850
673,2017,Jamaica,858,372,486,304,280,92,212,91
674,2017,Japan,121613,56632,64981,47529,33846,22786,24743,13502
675,2017,Jersey,12,7,5,4,7,0,4,5
676,2017,Jordan,3027,1115,1912,920,708,407,513,249
677,2017,Kazakhstan,1250,541,709,367,363,178,189,191
678,2017,Kenya,2613,1750,863,1463,1293,457,1006,360
679,2017,Korea (Democratic People's Republic of),73,24,49,17,10,14,3,7
680,2017,"Korea, Republic of",75138,31228,43910,26374,21891,9337,17037,6672
681,2017,Kuwait,1116,429,687,363,288,141,222,85
682,2017,Kyrgyzstan,80,35,45,31,14,21,10,5
683,2017,Lao People's Democratic Republic,95,58,37,49,47,11,38,11
684,2017,Latvia,2124,1123,1001,880,584,539,341,270
685,2017,Lebanon,2651,1107,1544,829,832,275,554,362
686,2017,Lesotho,29,15,14,14,9,6,8,1
687,2017,Liberia,18,8,10,6,5,3,3,2
688,2017,Libya,198,85,113,71,47,38,33,20
689,2017,Liechtenstein,61,21,40,14,14,7,7,9
690,2017,Lithuania,3383,2046,1337,1781,1120,926,855,385
691,2017,Luxembourg,1493,890,603,394,809,81,313,541
692,2017,Madagascar,139,80,59,67,67,13,54,19
693,2017,Malawi,435,365,70,285,334,31,254,95
694,2017,Malaysia,23494,11092,12402,9091,6591,4501,4590,2443
695,2017,Maldives,4,4,0,4,4,0,4,0
696,2017,Mali,286,264,22,147,248,16,131,122
697,2017,Malta,810,409,401,263,316,93,170,179
698,2017,Mauritania,10,9,1,9,6,3,6,0
699,2017,Mauritius,269,71,198,53,53,18,35,22
700,2017,Mexico,23947,13726,10221,11807,8283,5443,6364,2798
701,2017,Micronesia (Federated States of),7,2,5,2,2,0,2,0
702,2017,"Moldova, Republic of",266,88,178,61,67,21,40,29
703,2017,Monaco,16,7,9,6,2,5,1,1
704,2017,Mongolia,318,153,165,140,92,61,79,23
705,2017,Montenegro,364,183,181,149,131,52,97,46
706,2017,Montserrat,3,3,0,3,3,0,3,0
707,2017,Morocco,2019,713,1306,617,421,292,325,121
708,2017,Mozambique,1412,691,721,605,343,348,257,103
709,2017,Myanmar,143,46,97,40,33,13,27,7
710,2017,Namibia,233,151,82,127,89,62,65,35
711,2017,Nepal,1551,1200,351,1144,637,563,581,89
712,2017,Netherlands,54671,35542,19129,25520,29774,5768,19752,13123
713,2017,New Caledonia,29,10,19,9,8,2,7,2
714,2017,New Zealand,15113,6618,8495,4755,5014,1604,3151,2385
715,2017,Nicaragua,115,102,13,93,65,37,56,31
716,2017,Niger,65,37,28,35,25,12,23,7
717,2017,Nigeria,8045,4157,3888,3552,2326,1831,1721,745
718,2017,North Macedonia,490,280,210,233,157,123,110,60
719,2017,Norway,19400,12046,7354,7804,10371,1675,6129,5190
720,2017,Oman,1229,535,694,475,340,195,280,79
721,2017,Pakistan,15888,7291,8597,6288,4902,2389,3899,1311
722,2017,"Palestine, State of",1154,606,548,524,386,220,304,116
723,2017,Panama,504,332,172,296,216,116,180,73
724,2017,Papua New Guinea,148,84,64,74,70,14,60,15
725,2017,Paraguay,279,200,79,188,102,98,90,28
726,2017,Peru,3052,2381,671,2154,1580,801,1353,323
727,2017,Philippines,3037,1267,1770,1123,733,534,589,208
728,2017,Poland,45321,25628,19693,22557,13706,11922,10635,4243
729,2017,Portugal,19737,10757,8980,7048,8894,1863,5185,4474
730,2017,Qatar,2306,968,1338,660,812,156,504,349
731,2017,Romania,8229,3505,4724,2876,2086,1419,1457,779
732,2017,Russian Federation,57420,19311,38109,15171,11311,8000,7171,5083
733,2017,Rwanda,1,0,1,0,0,0,0,0
734,2017,Réunion,224,148,76,99,139,9,90,55
735,2017,Saint Kitts and Nevis,294,183,111,164,151,32,132,33
736,2017,Saint Lucia,4,4,0,4,1,3,1,0
737,2017,Saint Vincent and the Grenadines,10,7,3,4,6,1,3,3
738,2017,Samoa,10,4,6,4,1,3,1,0
739,2017,Saudi Arabia,17829,7921,9908,5957,5655,2266,3691,2340
740,2017,Senegal,436,240,196,201,179,61,140,52
741,2017,Serbia,6316,3236,3080,2694,2345,891,1803,733
742,2017,Sierra Leone,55,42,13,35,37,5,30,10
743,2017,Singapore,20381,7849,12532,5571,5854,1995,3576,2864
744,2017,Sint Maarten (Dutch part),20,10,10,9,8,2,7,1
745,2017,Slovakia,5227,2688,2539,2323,1464,1224,1099,473
746,2017,Slovenia,4234,2231,2003,1702,1658,573,1129,680
747,2017,Somalia,12,7,5,7,6,1,6,0
748,2017,South Africa,26373,14830,11543,11557,11552,3278,8279,4241
749,2017,South Sudan,11,7,4,5,4,3,2,2
750,2017,Spain,83685,48886,34799,33732,39247,9639,24093,18920
751,2017,Sri Lanka,2497,1522,975,1397,884,638,759,160
752,2017,Sudan,643,330,313,290,209,121,169,50
753,2017,Suriname,39,27,12,22,20,7,15,8
754,2017,Svalbard and Jan Mayen,124,96,28,65,83,13,52,41
755,2017,Sweden,39514,23618,15896,17109,19369,4249,12860,8497
756,2017,Switzerland,44183,26744,17439,18117,22584,4160,13957,11294
757,2017,Syrian Arab Republic,252,143,109,125,86,57,68,21
758,2017,"Taiwan, Province of China",33056,12621,20435,11021,8719,3902,7119,2283
759,2017,Tajikistan,71,29,42,24,15,14,10,6
760,2017,"Tanzania, United Republic of",985,643,342,537,531,112,425,160
761,2017,Thailand,12772,5261,7511,4474,3348,1913,2561,1070
762,2017,Togo,98,50,48,47,33,17,30,6
763,2017,Trinidad and Tobago,36,16,20,15,11,5,10,3
764,2017,Tunisia,5454,1233,4221,889,815,418,471,389
765,2017,Turkey,34518,14467,20051,11417,9790,4677,6740,4375
766,2017,Turkmenistan,4,1,3,1,1,0,1,0
767,2017,Uganda,1485,1137,348,925,979,158,767,284
768,2017,Ukraine,8715,4666,4049,4193,2201,2465,1728,585
769,2017,United Arab Emirates,4237,1586,2651,1194,1133,453,741,475
770,2017,United Kingdom of Great Britain and Northern Ireland,204133,142975,61158,81857,126973,16002,65855,73079
771,2017,United States of America,696546,349364,347182,244165,264399,84965,159200,144723
772,2017,Uruguay,1311,673,638,569,455,218,351,136
773,2017,Uzbekistan,294,110,184,72,78,32,40,41
774,2017,Venezuela (Bolivarian Republic of),1299,815,484,696,549,266,430,163
775,2017,Viet Nam,4567,1529,3038,1152,1011,518,634,408
776,2017,Virgin Islands (British),21,3,18,1,2,1,0,2
777,2017,Yemen,367,135,232,118,70,65,53,22
778,2017,Zambia,471,355,116,289,302,53,236,83
779,2017,Zimbabwe,1687,594,1093,450,424,170,280,161
780,2017,Åland Islands,1,0,1,0,0,0,0,0
781,2016,,39773,21606,18167,15197,17153,4453,10744,9116
782,2016,Afghanistan,18,5,13,5,5,0,5,3
783,2016,Albania,283,179,104,145,86,93,52,37
784,2016,Algeria,1734,448,1286,301,274,174,127,164
785,2016,Angola,23,14,9,11,12,2,9,4
786,2016,Antigua and Barbuda,433,267,166,236,181,86,150,58
787,2016,Argentina,11714,6560,5154,5216,5041,1519,3697,1847
788,2016,Armenia,901,555,346,495,495,60,435,66
789,2016,Aruba,1,0,1,0,0,0,0,0
790,2016,Australia,99707,46499,53208,30737,36735,9764,20973,20082
791,2016,Austria,22438,11900,10538,9205,9227,2673,6532,3645
792,2016,Azerbaijan,802,347,455,319,265,82,237,31
793,2016,Bahamas,30,18,12,15,15,3,12,5
794,2016,Bahrain,309,132,177,115,97,35,80,27
795,2016,Bangladesh,5878,3405,2473,3119,1704,1701,1418,382
796,2016,Belarus,1276,483,793,372,401,82,290,130
797,2016,Belgium,29723,16830,12893,10365,14323,2507,7858,8176
798,2016,Belize,11,6,5,6,3,3,3,1
799,2016,Benin,703,473,230,374,421,52,322,150
800,2016,Bermuda,39,23,16,20,19,4,16,9
801,2016,Bhutan,21,10,11,6,7,3,3,5
802,2016,Bolivia (Plurinational State of),233,105,128,88,68,37,51,25
803,2016,Bosnia and Herzegovina,799,430,369,321,329,101,220,139
804,2016,Botswana,416,192,224,167,115,77,90,31
805,2016,Brazil,92211,61562,30649,55152,37599,23963,31189,8532
806,2016,Brunei Darussalam,388,115,273,96,68,47,49,24
807,2016,Bulgaria,3457,1735,1722,1423,1049,686,737,430
808,2016,Burkina Faso,162,106,56,89,88,18,71,30
809,2016,Burundi,13,5,8,4,4,1,3,1
810,2016,Cabo Verde,36,26,10,22,16,10,12,4
811,2016,Cambodia,765,345,420,285,255,90,195,72
812,2016,Cameroon,706,377,329,331,277,100,231,62
813,2016,Canada,101358,44521,56837,33381,31789,12732,20649,16091
814,2016,Cayman Islands,7,4,3,2,2,2,0,2
815,2016,Chad,9,4,5,3,3,1,2,1
816,2016,Chile,11891,7548,4343,6148,5945,1603,4545,2009
817,2016,China,358211,109936,248275,91000,75353,34583,56417,25071
818,2016,Colombia,12986,9222,3764,8357,6087,3135,5222,1377
819,2016,Congo,50,23,27,22,16,7,15,1
820,2016,"Congo, Democratic Republic of the",208,142,66,110,124,18,92,41
821,2016,Costa Rica,1282,977,305,855,688,289,566,160
822,2016,Croatia,4375,2485,1890,2121,1884,601,1520,563
823,2016,Cuba,626,390,236,346,274,116,230,77
824,2016,Cyprus,2663,1177,1486,837,918,259,578,388
825,2016,Czechia,17264,7741,9523,6179,5581,2160,4019,2058
826,2016,Côte d'Ivoire,211,129,82,118,55,74,44,20
827,2016,Denmark,26580,14875,11705,10136,12300,2575,7561,6189
828,2016,Dominican Republic,71,43,28,36,28,15,21,8
829,2016,Ecuador,1796,1049,747,874,759,290,584,252
830,2016,Egypt,17678,7487,10191,6779,3027,4460,2319,978
831,2016,El Salvador,180,157,23,153,70,87,66,12
832,2016,Eritrea,4,0,4,0,0,0,0,0
833,2016,Estonia,3436,1563,1873,1247,1183,380,867,456
834,2016,Eswatini,46,24,22,19,15,9,10,5
835,2016,Ethiopia,3586,2229,1357,1972,1745,484,1488,349
836,2016,Faroe Islands,37,27,10,17,26,1,16,15
837,2016,Fiji,266,85,181,66,60,25,41,22
838,2016,Finland,18408,9677,8731,6178,8169,1508,4670,4330
839,2016,France,78685,40893,37792,25279,33793,7100,18179,19840
840,2016,French Guiana,1,0,1,0,0,0,0,0
841,2016,French Polynesia,41,28,13,21,23,5,16,7
842,2016,Gabon,177,55,122,44,37,18,26,13
843,2016,Gambia,16,11,5,10,9,2,8,1
844,2016,Georgia,961,617,344,548,516,101,447,84
845,2016,Germany,148243,67552,80691,48146,53140,14412,33734,25976
846,2016,Ghana,2484,1328,1156,1167,967,361,806,226
847,2016,Gibraltar,5,1,4,0,1,0,0,1
848,2016,Greece,15370,6320,9050,4604,4799,1521,3083,2195
849,2016,Greenland,15,9,6,7,9,0,7,2
850,2016,Grenada,306,144,162,112,97,47,65,49
851,2016,Guadeloupe,138,80,58,62,64,16,46,31
852,2016,Guatemala,346,254,92,230,185,69,161,34
853,2016,Guinea,1,1,0,1,1,0,1,0
854,2016,Guinea-Bissau,36,27,9,24,23,4,20,10
855,2016,Guyana,20,9,11,7,5,4,3,2
856,2016,Haiti,3,0,3,0,0,0,0,0
857,2016,Holy See,6,3,3,3,0,3,0,0
858,2016,Honduras,3,2,1,2,0,2,0,0
859,2016,Hungary,9304,5478,3826,3401,4589,889,2512,2525
860,2016,Iceland,1492,726,766,465,615,111,354,332
861,2016,India,110797,36923,73874,30411,20007,16916,13495,7819
862,2016,Indonesia,18998,14671,4327,14175,5158,9513,4662,750
863,2016,Iran (Islamic Republic of),44407,15222,29185,12530,9442,5780,6750,3150
864,2016,Iraq,1843,950,893,811,470,480,331,179
865,2016,Ireland,13278,6763,6515,4267,5525,1238,3029,3091
866,2016,Israel,20413,8783,11630,6342,6708,2075,4267,3314
867,2016,Italy,89205,41250,47955,27873,34963,6287,21586,17329
868,2016,Jamaica,811,331,480,257,251,80,177,96
869,2016,Japan,114686,51763,62923,43385,30604,21159,22226,12612
870,2016,Jersey,15,10,5,6,7,3,3,4
871,2016,Jordan,2766,1029,1737,857,626,403,454,230
872,2016,Kazakhstan,1075,484,591,324,307,177,147,186
873,2016,Kenya,2316,1489,827,1211,1115,374,837,374
874,2016,Korea (Democratic People's Republic of),54,20,34,12,13,7,5,8
875,2016,"Korea, Republic of",78652,31408,47244,26691,20829,10579,16112,6487
876,2016,Kuwait,1084,411,673,332,267,144,188,107
877,2016,Kyrgyzstan,64,27,37,26,13,14,12,1
878,2016,Lao People's Democratic Republic,84,54,30,46,47,7,39,13
879,2016,Latvia,1889,742,1147,565,421,321,244,199
880,2016,Lebanon,2505,946,1559,696,713,233,463,333
881,2016,Lesotho,44,13,31,13,7,6,7,2
882,2016,Liberia,9,6,3,4,5,1,3,2
883,2016,Libya,213,101,112,86,62,39,47,23
884,2016,Liechtenstein,54,13,41,8,12,1,7,7
885,2016,Lithuania,3062,1741,1321,1502,995,746,756,308
886,2016,Luxembourg,1441,841,600,327,776,65,262,565
887,2016,Madagascar,101,70,31,64,53,17,47,14
888,2016,Malawi,385,291,94,242,251,40,202,75
889,2016,Malaysia,23581,10378,13203,8366,6521,3857,4509,2483
890,2016,Maldives,1,1,0,1,0,1,0,0
891,2016,Mali,265,246,19,122,238,8,114,139
892,2016,Malta,750,361,389,229,292,69,160,167
893,2016,Mauritania,4,1,3,1,1,0,1,0
894,2016,Mauritius,216,64,152,47,43,21,26,18
895,2016,Mexico,21862,12027,9835,10270,7425,4602,5668,2460
896,2016,Micronesia (Federated States of),1,0,1,0,0,0,0,0
897,2016,"Moldova, Republic of",321,91,230,60,64,27,33,31
898,2016,Monaco,13,2,11,2,0,2,0,0
899,2016,Mongolia,297,146,151,128,96,50,78,19
900,2016,Montenegro,389,157,232,138,100,57,81,27
901,2016,Montserrat,11,8,3,6,6,2,4,4
902,2016,Morocco,1877,654,1223,591,407,247,344,76
903,2016,Mozambique,1445,605,840,509,320,285,224,121
904,2016,Myanmar,92,42,50,34,24,18,16,9
905,2016,Namibia,230,136,94,113,70,66,47,31
906,2016,Nepal,1168,879,289,832,513,366,466,75
907,2016,Netherlands,54529,32138,22391,23197,26317,5821,17376,12071
908,2016,New Caledonia,47,28,19,21,21,7,14,7
909,2016,New Zealand,14652,6069,8583,4357,4586,1483,2874,2284
910,2016,Nicaragua,74,63,11,60,57,6,54,6
911,2016,Niger,47,34,13,27,23,11,16,10
912,2016,Nigeria,7289,3689,3600,3232,2158,1531,1701,599
913,2016,North Macedonia,453,243,210,202,162,81,121,61
914,2016,Norway,18279,9951,8328,7056,8218,1733,5323,3730
915,2016,Oman,1175,498,677,437,319,179,258,68
916,2016,Pakistan,13066,5897,7169,5059,4008,1889,3170,1196
917,2016,"Palestine, State of",868,465,403,394,318,147,247,99
918,2016,Panama,435,299,136,252,200,99,153,76
919,2016,Papua New Guinea,127,91,36,69,70,21,48,31
920,2016,Paraguay,252,172,80,166,84,88,78,9
921,2016,Peru,2806,2149,657,1916,1585,564,1352,318
922,2016,Philippines,2521,1152,1369,1013,670,482,531,195
923,2016,Poland,42235,22174,20061,19462,11843,10331,9131,3577
924,2016,Portugal,19402,10039,9363,6430,8228,1811,4619,4248
925,2016,Qatar,2630,917,1713,623,725,192,431,344
926,2016,Romania,7820,3017,4803,2408,1663,1354,1054,698
927,2016,Russian Federation,55206,17587,37619,13828,10861,6726,7102,5150
928,2016,Rwanda,1,0,1,0,0,0,0,0
929,2016,Réunion,200,133,67,84,121,12,72,62
930,2016,Saint Kitts and Nevis,183,95,88,89,74,21,68,19
931,2016,Saint Lucia,6,2,4,2,1,1,1,0
932,2016,Saint Vincent and the Grenadines,8,5,3,5,3,2,3,0
933,2016,Samoa,10,7,3,4,4,3,1,3
934,2016,Saudi Arabia,16950,7453,9497,5683,5283,2170,3513,2213
935,2016,Senegal,430,231,199,206,182,49,157,42
936,2016,Serbia,6504,3063,3441,2563,2280,783,1780,645
937,2016,Sierra Leone,49,38,11,37,30,8,29,5
938,2016,Singapore,20068,7250,12818,5023,5430,1820,3203,2714
939,2016,Sint Maarten (Dutch part),12,8,4,7,6,2,5,1
940,2016,Slovakia,5067,2426,2641,2111,1402,1024,1087,402
941,2016,Slovenia,4363,2198,2165,1753,1688,510,1243,554
942,2016,Somalia,5,2,3,2,1,1,1,0
943,2016,South Africa,24680,13677,11003,10462,10265,3412,7050,4315
944,2016,South Sudan,8,7,1,7,6,1,6,0
945,2016,Spain,79934,44314,35620,29742,36127,8187,21555,18217
946,2016,Sri Lanka,2250,1344,906,1260,738,606,654,108
947,2016,Sudan,597,306,291,274,204,102,172,55
948,2016,Suriname,39,32,7,27,18,14,13,5
949,2016,Svalbard and Jan Mayen,158,94,64,73,84,10,63,34
950,2016,Sweden,39157,21381,17776,15317,17525,3856,11461,7966
951,2016,Switzerland,42480,25177,17303,17223,21046,4131,13092,10488
952,2016,Syrian Arab Republic,234,129,105,118,84,45,73,17
953,2016,"Taiwan, Province of China",34476,12118,22358,10606,8269,3849,6757,2114
954,2016,Tajikistan,62,13,49,13,5,8,5,0
955,2016,"Tanzania, United Republic of",1000,659,341,560,555,104,456,153
956,2016,Thailand,11557,4597,6960,3942,2994,1603,2339,940
957,2016,Togo,94,53,41,44,43,10,34,17
958,2016,Trinidad and Tobago,28,13,15,10,9,4,6,3
959,2016,Tunisia,4948,1101,3847,796,720,381,415,354
960,2016,Turkey,39308,17749,21559,13545,12989,4760,8785,6331
961,2016,Turkmenistan,6,0,6,0,0,0,0,0
962,2016,Uganda,1390,1040,350,817,896,144,673,315
963,2016,Ukraine,7642,3718,3924,3258,1865,1853,1405,576
964,2016,United Arab Emirates,3421,1173,2248,860,816,357,503,377
965,2016,United Kingdom of Great Britain and Northern Ireland,203717,133388,70329,77216,117677,15711,61505,68082
966,2016,United States of America,693130,337326,355804,235744,249116,88210,147534,140478
967,2016,Uruguay,1189,603,586,506,402,201,305,136
968,2016,Uzbekistan,309,112,197,69,83,29,40,48
969,2016,Venezuela (Bolivarian Republic of),1164,714,450,610,474,240,370,151
970,2016,Viet Nam,3598,1207,2391,914,758,449,465,333
971,2016,Virgin Islands (British),12,2,10,1,2,0,1,2
972,2016,Yemen,376,133,243,110,81,52,58,28
973,2016,Zambia,417,295,122,235,262,33,202,76
974,2016,Zimbabwe,1429,490,939,349,329,161,188,157
975,2016,Åland Islands,1,0,1,0,0,0,0,0
976,2015,,37909,19694,18215,13770,15737,3957,9813,8487
977,2015,Afghanistan,7,5,2,5,4,1,4,0
978,2015,Albania,270,151,119,118,95,56,62,41
979,2015,Algeria,1698,424,1274,318,228,196,122,126
980,2015,Angola,33,18,15,17,10,8,9,1
981,2015,Antigua and Barbuda,284,162,122,135,108,54,81,37
982,2015,Argentina,10781,5761,5020,4580,4505,1256,3324,1765
983,2015,Armenia,857,503,354,445,453,50,395,71
984,2015,Australia,93327,40838,52489,27194,31903,8935,18259,17668
985,2015,Austria,20822,9776,11046,7266,7704,2072,5194,3359
986,2015,Azerbaijan,631,321,310,296,269,52,244,31
987,2015,Bahamas,27,14,13,10,10,4,6,5
988,2015,Bahrain,282,123,159,83,89,34,49,52
989,2015,Bangladesh,5054,2799,2255,2590,1360,1439,1151,419
990,2015,Belarus,1256,510,746,418,422,88,330,122
991,2015,Belgium,28550,15477,13073,9339,13157,2320,7019,7685
992,2015,Belize,5,3,2,2,3,0,2,1
993,2015,Benin,688,432,256,339,370,62,277,140
994,2015,Bermuda,46,28,18,23,23,5,18,9
995,2015,Bhutan,11,2,9,0,2,0,0,2
996,2015,Bolivia (Plurinational State of),153,89,64,74,49,40,34,20
997,2015,Bosnia and Herzegovina,710,395,315,305,291,104,201,115
998,2015,Botswana,312,150,162,127,95,55,72,31
999,2015,Brazil,83520,55447,28073,50689,34610,20837,29852,6807
1000,2015,Brunei Darussalam,339,102,237,83,71,31,52,27
1001,2015,Bulgaria,2701,1298,1403,1055,852,446,609,340
1002,2015,Burkina Faso,151,80,71,69,67,13,56,19
1003,2015,Burundi,19,7,12,6,6,1,5,1
1004,2015,Cabo Verde,21,15,6,15,10,5,10,0
1005,2015,Cambodia,683,276,407,234,170,106,128,60
1006,2015,Cameroon,561,295,266,265,221,74,191,42
1007,2015,Canada,97337,40981,56356,30998,29188,11793,19205,14867
1008,2015,Cayman Islands,3,2,1,2,0,2,0,0
1009,2015,Chad,14,8,6,5,6,2,3,4
1010,2015,Chile,10739,6619,4120,5456,5315,1304,4152,1751
1011,2015,China,329065,92702,236363,76766,61286,31416,45350,21345
1012,2015,Colombia,11278,7815,3463,7020,5361,2454,4566,1181
1013,2015,Congo,27,9,18,8,7,2,6,1
1014,2015,"Congo, Democratic Republic of the",173,120,53,94,110,10,84,31
1015,2015,Costa Rica,1335,1084,251,1006,662,422,584,123
1016,2015,Croatia,3622,1927,1695,1646,1492,435,1211,418
1017,2015,Cuba,572,327,245,278,221,106,172,57
1018,2015,Cyprus,2150,942,1208,645,757,185,460,345
1019,2015,Czechia,16144,6825,9319,5618,4838,1987,3631,1758
1020,2015,Côte d'Ivoire,147,82,65,68,59,23,45,20
1021,2015,Denmark,25224,13218,12006,9106,10757,2461,6645,5609
1022,2015,Dominican Republic,75,63,12,59,36,27,32,11
1023,2015,Ecuador,1196,726,470,580,509,217,363,195
1024,2015,Egypt,14800,5905,8895,5286,2564,3341,1945,859
1025,2015,El Salvador,137,109,28,103,58,51,52,14
1026,2015,Eritrea,1,0,1,0,0,0,0,0
1027,2015,Estonia,3216,1428,1788,1163,1035,393,770,377
1028,2015,Eswatini,38,17,21,16,10,7,9,3
1029,2015,Ethiopia,3308,1977,1331,1710,1581,396,1314,370
1030,2015,Faroe Islands,41,19,22,9,16,3,6,10
1031,2015,Fiji,234,57,177,39,42,15,24,22
1032,2015,Finland,17671,8004,9667,5466,6515,1489,3977,3340
1033,2015,France,75950,37532,38418,23230,30689,6843,16387,18627
1034,2015,French Guiana,7,6,1,6,3,3,3,0
1035,2015,French Polynesia,37,25,12,13,23,2,11,16
1036,2015,Gabon,140,47,93,44,27,20,24,7
1037,2015,Gambia,3,3,0,3,3,0,3,2
1038,2015,Georgia,779,585,194,497,524,61,436,108
1039,2015,Germany,140033,61221,78812,43367,48079,13142,30225,24272
1040,2015,Ghana,1937,969,968,839,684,285,554,189
1041,2015,Gibraltar,3,2,1,2,2,0,2,0
1042,2015,Greece,14217,5411,8806,3926,4074,1337,2589,1899
1043,2015,Greenland,9,6,3,5,4,2,3,1
1044,2015,Grenada,237,100,137,75,76,24,51,28
1045,2015,Guadeloupe,104,50,54,39,40,10,29,16
1046,2015,Guatemala,224,145,79,127,82,63,64,32
1047,2015,Guinea,2,2,0,0,2,0,0,2
1048,2015,Guinea-Bissau,27,21,6,18,15,6,12,8
1049,2015,Guyana,13,11,2,10,7,4,6,3
1050,2015,Haiti,4,3,1,1,3,0,1,2
1051,2015,Honduras,1,1,0,1,0,1,0,0
1052,2015,Hungary,8998,5026,3972,3012,4170,856,2156,2426
1053,2015,Iceland,1268,614,654,373,511,103,270,319
1054,2015,India,97779,30604,67175,24656,18048,12556,12100,7286
1055,2015,Indonesia,12976,9162,3814,8805,3028,6134,2671,623
1056,2015,Iran (Islamic Republic of),38446,12427,26019,10243,8017,4410,5833,2637
1057,2015,Iraq,1332,651,681,551,318,333,218,137
1058,2015,Ireland,12409,5896,6513,3792,4826,1070,2722,2647
1059,2015,Israel,19048,8015,11033,5751,6146,1869,3882,3055
1060,2015,Italy,84748,37589,47159,25627,31472,6117,19510,15975
1061,2015,Jamaica,742,358,384,275,253,105,170,116
1062,2015,Japan,113887,50519,63368,42349,28298,22221,20128,12519
1063,2015,Jersey,15,11,4,7,6,5,2,4
1064,2015,Jordan,2460,872,1588,737,542,330,407,188
1065,2015,Kazakhstan,944,455,489,313,290,165,148,168
1066,2015,Kenya,2024,1300,724,1017,1022,278,739,374
1067,2015,Korea (Democratic People's Republic of),38,16,22,9,9,7,2,7
1068,2015,"Korea, Republic of",82184,32267,49917,27667,19276,12991,14676,6635
1069,2015,Kuwait,955,358,597,303,250,108,195,84
1070,2015,Kyrgyzstan,36,13,23,13,4,9,4,1
1071,2015,Lao People's Democratic Republic,81,57,24,47,49,8,39,17
1072,2015,Latvia,2120,974,1146,586,600,374,212,456
1073,2015,Lebanon,2131,787,1344,618,585,202,416,238
1074,2015,Lesotho,35,13,22,11,9,4,7,2
1075,2015,Liberia,6,3,3,3,3,0,3,1
1076,2015,Libya,192,70,122,52,43,27,25,22
1077,2015,Liechtenstein,42,7,35,2,7,0,2,5
1078,2015,Lithuania,3289,1870,1419,1658,936,934,724,270
1079,2015,Luxembourg,1394,777,617,316,699,78,238,497
1080,2015,Madagascar,91,52,39,43,40,12,31,13
1081,2015,Malawi,332,258,74,211,221,37,174,68
1082,2015,Malaysia,23887,8931,14956,7035,5726,3205,3830,2276
1083,2015,Maldives,4,0,4,0,0,0,0,0
1084,2015,Mali,266,229,37,106,221,8,98,129
1085,2015,Malta,597,305,292,159,266,39,120,173
1086,2015,Mauritania,2,0,2,0,0,0,0,0
1087,2015,Mauritius,216,58,158,44,39,19,25,18
1088,2015,Mexico,19138,10422,8716,9000,6441,3981,5019,2188
1089,2015,Micronesia (Federated States of),4,0,4,0,0,0,0,0
1090,2015,"Moldova, Republic of",231,70,161,46,46,24,22,25
1091,2015,Monaco,15,3,12,3,0,3,0,0
1092,2015,Mongolia,240,92,148,76,48,44,32,21
1093,2015,Montenegro,306,132,174,100,84,48,52,39
1094,2015,Montserrat,12,11,1,8,10,1,7,9
1095,2015,Morocco,1145,443,702,396,350,93,303,61
1096,2015,Mozambique,995,494,501,423,223,271,152,94
1097,2015,Myanmar,99,33,66,27,18,15,12,9
1098,2015,Namibia,202,115,87,86,79,36,50,43
1099,2015,Nepal,1259,952,307,899,501,451,448,95
1100,2015,Netherlands,51307,27311,23996,19414,22546,4765,14649,10828
1101,2015,New Caledonia,69,41,28,23,34,7,16,24
1102,2015,New Zealand,13680,5464,8216,3977,4063,1401,2576,2024
1103,2015,Nicaragua,47,41,6,39,32,9,30,4
1104,2015,Niger,39,20,19,14,17,3,11,7
1105,2015,Nigeria,5999,3008,2991,2614,1909,1099,1515,538
1106,2015,Niue,1,0,1,0,0,0,0,0
1107,2015,North Macedonia,380,227,153,195,134,93,102,49
1108,2015,Norway,15961,8341,7620,6000,6855,1486,4514,3069
1109,2015,Oman,1185,489,696,427,318,171,256,79
1110,2015,Pakistan,10806,4708,6098,4059,3318,1390,2669,925
1111,2015,"Palestine, State of",792,361,431,293,237,124,169,93
1112,2015,Panama,417,255,162,205,203,52,153,92
1113,2015,Papua New Guinea,153,95,58,68,77,18,50,35
1114,2015,Paraguay,179,123,56,115,74,49,66,10
1115,2015,Peru,2327,1848,479,1445,1395,453,992,499
1116,2015,Philippines,2476,1046,1430,900,551,495,405,202
1117,2015,Poland,38136,19383,18753,16942,10473,8910,8032,3449
1118,2015,Portugal,18435,9389,9046,6039,7547,1842,4197,4038
1119,2015,Qatar,1987,686,1301,453,542,144,309,271
1120,2015,Romania,8447,3360,5087,2804,1545,1815,989,676
1121,2015,Russian Federation,48252,13788,34464,10414,8344,5444,4970,4531
1122,2015,Rwanda,1,1,0,0,1,0,0,1
1123,2015,Réunion,179,111,68,62,99,12,50,61
1124,2015,Saint Kitts and Nevis,103,58,45,53,50,8,45,10
1125,2015,Saint Lucia,3,1,2,1,1,0,1,0
1126,2015,Saint Vincent and the Grenadines,3,1,2,0,1,0,0,1
1127,2015,Samoa,6,5,1,5,0,5,0,0
1128,2015,Saudi Arabia,15797,6609,9188,5085,4715,1894,3191,1957
1129,2015,Senegal,362,192,170,163,171,21,142,53
1130,2015,Serbia,6378,2784,3594,2315,2061,723,1592,598
1131,2015,Sierra Leone,44,28,16,22,25,3,19,9
1132,2015,Singapore,19014,6363,12651,4363,4869,1494,2869,2550
1133,2015,Sint Maarten (Dutch part),17,7,10,2,6,1,1,5
1134,2015,Slovakia,4726,2090,2636,1824,1198,892,932,353
1135,2015,Slovenia,4226,2075,2151,1677,1507,568,1109,488
1136,2015,Somalia,9,4,5,4,4,0,4,1
1137,2015,South Africa,21597,11656,9941,8774,9182,2474,6300,3914
1138,2015,South Sudan,5,1,4,1,1,0,1,0
1139,2015,Spain,75848,40347,35501,27423,32512,7835,19588,16678
1140,2015,Sri Lanka,2079,1243,836,1130,756,487,643,144
1141,2015,Sudan,546,227,319,205,153,74,131,29
1142,2015,Suriname,27,15,12,13,11,4,9,2
1143,2015,Svalbard and Jan Mayen,131,93,38,72,67,26,46,35
1144,2015,Sweden,36925,19195,17730,13595,15576,3619,9976,7503
1145,2015,Switzerland,40645,22958,17687,14845,19727,3231,11614,10833
1146,2015,Syrian Arab Republic,218,110,108,95,67,43,52,18
1147,2015,"Taiwan, Province of China",35075,11883,23192,10408,7608,4275,6133,2067
1148,2015,Tajikistan,66,23,43,17,15,8,9,7
1149,2015,"Tanzania, United Republic of",920,607,313,525,491,116,409,136
1150,2015,Thailand,10611,3937,6674,3394,2611,1326,2068,799
1151,2015,Timor-Leste,1,1,0,1,1,0,1,0
1152,2015,Togo,88,35,53,30,27,8,22,6
1153,2015,Trinidad and Tobago,23,12,11,9,8,4,5,4
1154,2015,Tunisia,4047,874,3173,617,569,305,312,290
1155,2015,Turkey,36638,15744,20894,12014,11208,4536,7478,5613
1156,2015,Turkmenistan,2,0,2,0,0,0,0,0
1157,2015,Uganda,1376,1010,366,797,899,111,686,294
1158,2015,Ukraine,6145,2610,3535,2201,1442,1168,1033,498
1159,2015,United Arab Emirates,2911,982,1929,729,675,307,422,313
1160,2015,United Kingdom of Great Britain and Northern Ireland,193090,110692,82398,68519,93533,17159,51360,52881
1161,2015,United States of America,666172,309500,356672,207646,235561,73939,133707,139326
1162,2015,Uruguay,1030,478,552,371,356,122,249,141
1163,2015,Uzbekistan,264,67,197,38,58,9,29,32
1164,2015,Venezuela (Bolivarian Republic of),1157,672,485,579,413,259,320,132
1165,2015,Viet Nam,2849,907,1942,682,583,324,358,260
1166,2015,Virgin Islands (British),17,2,15,1,2,0,1,1
1167,2015,Yemen,322,102,220,86,69,33,53,23
1168,2015,Zambia,386,289,97,222,263,26,196,85
1169,2015,Zimbabwe,1219,399,820,300,272,127,173,119
1170,2015,Åland Islands,7,3,4,3,1,2,1,1
1171,2014,,37443,18444,18999,12496,14919,3525,8971,8580
1172,2014,Afghanistan,14,7,7,5,7,0,5,4
1173,2014,Albania,290,186,104,161,144,42,119,30
1174,2014,Algeria,1249,276,973,219,142,134,85,67
1175,2014,Angola,17,8,9,8,6,2,6,0
1176,2014,Antigua and Barbuda,219,126,93,98,99,27,71,36
1177,2014,Argentina,9782,5025,4757,3935,4010,1015,2920,1657
1178,2014,Armenia,693,359,334,280,309,50,230,97
1179,2014,Aruba,3,0,3,0,0,0,0,0
1180,2014,Australia,87136,36133,51003,23125,28498,7635,15490,16993
1181,2014,Austria,19784,8691,11093,6284,6910,1781,4503,3286
1182,2014,Azerbaijan,557,253,304,229,209,44,185,30
1183,2014,Bahamas,29,24,5,22,20,4,18,2
1184,2014,Bahrain,258,112,146,81,76,36,45,43
1185,2014,Bangladesh,4604,2413,2191,2202,1148,1265,937,385
1186,2014,Belarus,1237,468,769,383,400,68,315,102
1187,2014,Belgium,27127,13535,13592,8163,11326,2209,5954,6896
1188,2014,Belize,3,1,2,1,0,1,0,0
1189,2014,Benin,700,422,278,342,351,71,271,152
1190,2014,Bermuda,37,15,22,10,12,3,7,5
1191,2014,Bhutan,16,2,14,2,2,0,2,1
1192,2014,Bolivia (Plurinational State of),101,56,45,46,32,24,22,15
1193,2014,Bosnia and Herzegovina,680,369,311,277,274,95,182,119
1194,2014,Botswana,332,168,164,146,117,51,95,34
1195,2014,Brazil,75421,47813,27608,43651,31155,16658,26993,6232
1196,2014,Brunei Darussalam,210,82,128,70,58,24,46,21
1197,2014,Bulgaria,2695,1171,1524,936,791,380,556,340
1198,2014,Burkina Faso,145,88,57,75,72,16,59,18
1199,2014,Burundi,6,0,6,0,0,0,0,0
1200,2014,Cabo Verde,13,8,5,7,3,5,2,1
1201,2014,Cambodia,599,244,355,207,146,98,109,51
1202,2014,Cameroon,520,255,265,215,196,59,156,58
1203,2014,Canada,94211,37728,56483,27707,27257,10471,17236,14688
1204,2014,Cayman Islands,4,3,1,3,0,3,0,0
1205,2014,Chad,10,5,5,4,2,3,1,1
1206,2014,Chile,9249,5731,3518,4817,4674,1057,3760,2027
1207,2014,China,324236,74937,249299,60737,50369,24568,36169,19688
1208,2014,Colombia,9461,6332,3129,5684,4232,2100,3584,1059
1209,2014,Congo,24,12,12,9,10,2,7,3
1210,2014,"Congo, Democratic Republic of the",187,133,54,105,121,12,93,34
1211,2014,Costa Rica,1079,792,287,715,598,194,521,115
1212,2014,Croatia,3414,1576,1838,1258,1264,312,946,455
1213,2014,Cuba,563,288,275,246,213,75,171,72
1214,2014,Cyprus,1931,732,1199,537,582,150,387,232
1215,2014,Czechia,14991,5886,9105,4641,4087,1799,2842,1690
1216,2014,Côte d'Ivoire,117,51,66,38,37,14,24,14
1217,2014,Denmark,22970,11150,11820,7745,8834,2316,5429,4709
1218,2014,Dominican Republic,160,143,17,130,33,110,20,15
1219,2014,Ecuador,741,477,264,385,338,139,246,136
1220,2014,Egypt,13020,5057,7963,4533,2062,2995,1538,753
1221,2014,El Salvador,136,106,30,101,66,40,61,14
1222,2014,Eritrea,1,0,1,0,0,0,0,0
1223,2014,Estonia,3222,1299,1923,1065,938,361,704,347
1224,2014,Eswatini,32,20,12,17,9,11,6,5
1225,2014,Ethiopia,3000,1704,1296,1420,1395,309,1111,349
1226,2014,Faroe Islands,18,10,8,7,7,3,4,5
1227,2014,Fiji,237,72,165,50,48,24,26,26
1228,2014,Finland,16698,7049,9649,4809,5660,1389,3420,2992
1229,2014,France,74974,34505,40469,20854,28161,6344,14510,18127
1230,2014,French Polynesia,21,16,5,12,12,4,8,5
1231,2014,Gabon,130,36,94,34,25,11,23,6
1232,2014,Gambia,9,7,2,6,3,4,2,2
1233,2014,Georgia,701,485,216,420,440,45,375,96
1234,2014,Germany,135589,55352,80237,38142,43235,12117,26025,23858
1235,2014,Ghana,1694,798,896,682,576,222,460,196
1236,2014,Gibraltar,10,5,5,4,5,0,4,2
1237,2014,Greece,14446,4932,9514,3500,3613,1319,2181,1823
1238,2014,Greenland,13,4,9,3,3,1,2,1
1239,2014,Grenada,222,91,131,68,61,30,38,29
1240,2014,Guadeloupe,125,61,64,44,47,14,30,21
1241,2014,Guatemala,139,77,62,69,50,27,42,15
1242,2014,Guinea,2,0,2,0,0,0,0,0
1243,2014,Guinea-Bissau,37,30,7,29,20,10,19,2
1244,2014,Guyana,10,3,7,2,1,2,0,1
1245,2014,Haiti,3,1,2,1,1,0,1,0
1246,2014,Hungary,8718,4551,4167,2658,3768,783,1875,2271
1247,2014,Iceland,1161,556,605,340,478,78,262,293
1248,2014,India,93415,27114,66301,21215,17211,9903,11312,7218
1249,2014,Indonesia,8515,5823,2692,5513,2070,3753,1760,419
1250,2014,Iran (Islamic Republic of),34750,10556,24194,8821,6721,3835,4986,2241
1251,2014,Iraq,1150,472,678,398,268,204,194,102
1252,2014,Ireland,11865,5375,6490,3095,4530,845,2250,2849
1253,2014,Israel,18477,7302,11175,5064,5616,1686,3378,3090
1254,2014,Italy,80950,33200,47750,22761,27042,6158,16603,14010
1255,2014,Jamaica,854,414,440,279,287,127,152,153
1256,2014,Japan,113344,47117,66227,38906,25724,21393,17513,12616
1257,2014,Jersey,26,16,10,15,10,6,9,1
1258,2014,Jordan,2292,741,1551,598,470,271,327,199
1259,2014,Kazakhstan,819,369,450,268,215,154,114,106
1260,2014,Kenya,1824,1110,714,871,869,241,630,316
1261,2014,Korea (Democratic People's Republic of),29,14,15,9,9,5,4,5
1262,2014,"Korea, Republic of",78259,30015,48244,24948,17699,12316,12632,7171
1263,2014,Kuwait,881,297,584,248,204,93,155,70
1264,2014,Kyrgyzstan,36,11,25,8,8,3,5,3
1265,2014,Lao People's Democratic Republic,76,33,43,31,26,7,24,3
1266,2014,Latvia,1597,559,1038,435,303,256,179,175
1267,2014,Lebanon,1942,723,1219,552,507,216,336,233
1268,2014,Lesotho,22,9,13,8,5,4,4,3
1269,2014,Liberia,8,5,3,4,3,2,2,1
1270,2014,Libya,160,62,98,56,38,24,32,11
1271,2014,Liechtenstein,58,10,48,7,6,4,3,3
1272,2014,Lithuania,3184,1752,1432,1644,763,989,655,171
1273,2014,Luxembourg,1361,689,672,286,622,67,219,456
1274,2014,Madagascar,78,32,46,31,20,12,19,1
1275,2014,Malawi,322,223,99,177,197,26,151,67
1276,2014,Malaysia,22930,8566,14364,6768,5893,2673,4095,2261
1277,2014,Maldives,4,2,2,2,1,1,1,1
1278,2014,Mali,232,196,36,83,187,9,74,125
1279,2014,Malta,493,227,266,140,195,32,108,130
1280,2014,Mauritania,6,3,3,3,2,1,2,1
1281,2014,Mauritius,174,54,120,45,33,21,24,11
1282,2014,Mexico,17042,8950,8092,7635,5934,3016,4619,2102
1283,2014,Micronesia (Federated States of),2,1,1,1,1,0,1,0
1284,2014,"Moldova, Republic of",254,65,189,35,45,20,15,34
1285,2014,Monaco,8,2,6,1,1,1,0,1
1286,2014,Mongolia,285,104,181,87,76,28,59,23
1287,2014,Montenegro,281,110,171,88,82,28,60,28
1288,2014,Montserrat,33,22,11,12,17,5,7,12
1289,2014,Morocco,876,305,571,265,244,61,204,52
1290,2014,Mozambique,803,332,471,297,142,190,107,53
1291,2014,Myanmar,62,19,43,15,13,6,9,5
1292,2014,Namibia,207,121,86,91,94,27,64,50
1293,2014,Nepal,981,737,244,707,384,353,354,71
1294,2014,Netherlands,50305,23327,26978,15857,18657,4670,11187,10335
1295,2014,New Caledonia,78,56,22,32,47,9,23,26
1296,2014,New Zealand,13050,4793,8257,3390,3555,1238,2152,1944
1297,2014,Nicaragua,39,28,11,25,23,5,20,12
1298,2014,Niger,42,26,16,16,22,4,12,12
1299,2014,Nigeria,5669,2916,2753,2509,1806,1110,1399,577
1300,2014,North Macedonia,307,149,158,125,91,58,67,35
1301,2014,Norway,15537,7564,7973,5291,6247,1317,3974,2975
1302,2014,Oman,1055,396,659,358,225,171,187,53
1303,2014,Pakistan,9428,4037,5391,3390,2867,1170,2220,963
1304,2014,"Palestine, State of",813,341,472,292,182,159,133,64
1305,2014,Panama,364,188,176,147,153,35,112,68
1306,2014,Papua New Guinea,122,67,55,57,57,10,47,18
1307,2014,Paraguay,73,46,27,46,31,15,31,7
1308,2014,Peru,5136,4613,523,4403,3818,795,3608,319
1309,2014,Philippines,2011,759,1252,636,416,343,293,200
1310,2014,Poland,32082,15498,16584,13074,8894,6604,6470,3426
1311,2014,Portugal,16937,8370,8567,5041,6744,1626,3415,3985
1312,2014,Qatar,1765,526,1239,352,401,125,227,208
1313,2014,Romania,7674,3008,4666,2538,1439,1569,969,603
1314,2014,Russian Federation,39096,8718,30378,5930,5878,2840,3090,3443
1315,2014,Rwanda,1,0,1,0,0,0,0,0
1316,2014,Réunion,190,99,91,74,81,18,56,45
1317,2014,Saint Kitts and Nevis,131,35,96,28,30,5,23,9
1318,2014,Saint Lucia,4,0,4,0,0,0,0,0
1319,2014,Saint Vincent and the Grenadines,6,3,3,2,3,0,2,1
1320,2014,Samoa,5,1,4,1,1,0,1,0
1321,2014,Saudi Arabia,13850,5404,8446,4259,3825,1579,2680,1470
1322,2014,Senegal,298,151,147,119,124,27,92,40
1323,2014,Serbia,5792,2466,3326,1994,1942,524,1470,613
1324,2014,Sierra Leone,19,10,9,7,9,1,6,5
1325,2014,Singapore,17462,5401,12061,3542,4105,1296,2246,2333
1326,2014,Sint Maarten (Dutch part),13,6,7,6,5,1,5,1
1327,2014,Slovakia,4756,1784,2972,1548,994,790,758,350
1328,2014,Slovenia,3834,1690,2144,1354,1208,482,872,431
1329,2014,Somalia,7,2,5,2,2,0,2,0
1330,2014,South Africa,20665,11344,9321,8641,8908,2436,6205,3778
1331,2014,South Sudan,7,2,5,2,2,0,2,1
1332,2014,Spain,73085,36107,36978,24481,28879,7228,17253,15307
1333,2014,Sri Lanka,1617,971,646,893,602,369,524,101
1334,2014,Sudan,436,219,217,200,151,68,132,34
1335,2014,Suriname,9,8,1,6,5,3,3,2
1336,2014,Svalbard and Jan Mayen,97,54,43,43,46,8,35,16
1337,2014,Sweden,35239,17512,17727,11951,14262,3250,8701,7376
1338,2014,Switzerland,38181,20684,17497,12640,17667,3017,9623,10525
1339,2014,Syrian Arab Republic,188,95,93,81,48,47,34,17
1340,2014,"Taiwan, Province of China",36586,10992,25594,9386,7090,3902,5484,2237
1341,2014,Tajikistan,45,12,33,10,9,3,7,3
1342,2014,"Tanzania, United Republic of",907,575,332,498,470,105,393,145
1343,2014,Thailand,10586,3767,6819,3238,2375,1392,1846,774
1344,2014,Togo,56,31,25,26,25,6,20,6
1345,2014,Trinidad and Tobago,46,26,20,22,15,11,11,8
1346,2014,Tunisia,3263,655,2608,459,432,223,236,236
1347,2014,Turkey,31527,12769,18758,9535,8903,3866,5669,4476
1348,2014,Turkmenistan,2,1,1,1,0,1,0,0
1349,2014,Uganda,1215,902,313,645,805,97,548,335
1350,2014,Ukraine,5823,2305,3518,1898,1269,1036,862,487
1351,2014,United Arab Emirates,2272,704,1568,533,491,213,320,221
1352,2014,United Kingdom of Great Britain and Northern Ireland,182114,93192,88922,58228,77710,15482,42746,45600
1353,2014,United States of America,647958,283542,364416,178872,222712,60830,118042,141993
1354,2014,Uruguay,974,481,493,365,360,121,244,157
1355,2014,Uzbekistan,277,59,218,33,45,14,19,30
1356,2014,Venezuela (Bolivarian Republic of),1052,576,476,497,400,176,321,110
1357,2014,Viet Nam,2358,733,1625,577,427,306,271,172
1358,2014,Virgin Islands (British),25,5,20,2,3,2,0,3
1359,2014,Yemen,396,100,296,84,71,29,55,21
1360,2014,Zambia,312,229,83,178,198,31,147,82
1361,2014,Zimbabwe,1016,332,684,248,247,85,163,102
1362,2014,Åland Islands,2,1,1,0,1,0,0,1
1363,2013,,35140,16565,18575,10780,13480,3085,7695,8096
1364,2013,Afghanistan,11,9,2,8,6,3,5,1
1365,2013,Albania,361,267,94,249,220,47,202,21
1366,2013,Algeria,1100,251,849,201,124,127,74,63
1367,2013,Angola,21,7,14,7,6,1,6,2
1368,2013,Antigua and Barbuda,213,116,97,102,81,35,67,18
1369,2013,Argentina,8923,4404,4519,3426,3528,876,2550,1424
1370,2013,Armenia,589,240,349,155,196,44,111,101
1371,2013,Australia,82663,32302,50361,20230,25336,6966,13264,15581
1372,2013,Austria,19000,7929,11071,5662,6307,1622,4040,3135
1373,2013,Azerbaijan,568,223,345,198,192,31,167,25
1374,2013,Bahamas,35,22,13,21,19,3,18,1
1375,2013,Bahrain,283,91,192,77,56,35,42,18
1376,2013,Bangladesh,3902,2203,1699,2008,977,1226,782,399
1377,2013,Belarus,1214,439,775,376,392,47,329,76
1378,2013,Belgium,25782,11987,13795,7063,9817,2170,4893,6216
1379,2013,Belize,1,1,0,0,1,0,0,1
1380,2013,Benin,600,341,259,281,305,36,245,111
1381,2013,Bermuda,69,28,41,20,19,9,11,11
1382,2013,Bhutan,9,1,8,1,0,1,0,0
1383,2013,Bolivia (Plurinational State of),120,69,51,56,49,20,36,15
1384,2013,Bosnia and Herzegovina,584,282,302,220,200,82,138,81
1385,2013,Botswana,274,129,145,122,81,48,74,19
1386,2013,Brazil,67391,43664,23727,40004,28245,15419,24585,5300
1387,2013,Brunei Darussalam,134,48,86,40,34,14,26,15
1388,2013,Bulgaria,2544,940,1604,755,623,317,438,236
1389,2013,Burkina Faso,131,57,74,47,44,13,34,13
1390,2013,Burundi,12,5,7,4,1,4,0,1
1391,2013,Cabo Verde,8,7,1,6,4,3,3,1
1392,2013,Cambodia,513,181,332,141,116,65,76,49
1393,2013,Cameroon,446,208,238,180,154,54,126,36
1394,2013,Canada,90745,34431,56314,24797,24759,9672,15125,13953
1395,2013,Cayman Islands,5,1,4,0,1,0,0,1
1396,2013,Chad,9,5,4,4,4,1,3,1
1397,2013,Chile,8052,4956,3096,4131,4114,842,3289,1310
1398,2013,China,296329,60817,235512,48324,40171,20646,27678,17226
1399,2013,Colombia,7151,4691,2460,4183,3112,1579,2604,817
1400,2013,Congo,22,11,11,9,7,4,5,3
1401,2013,"Congo, Democratic Republic of the",118,66,52,52,57,9,43,24
1402,2013,Costa Rica,865,662,203,610,509,153,457,72
1403,2013,Croatia,2920,1364,1556,1065,1105,259,806,413
1404,2013,Cuba,531,280,251,218,205,75,143,91
1405,2013,Curaçao,1,1,0,1,1,0,1,0
1406,2013,Cyprus,2012,767,1245,539,614,153,386,278
1407,2013,Czechia,12579,4927,7652,3838,3615,1312,2526,1487
1408,2013,Côte d'Ivoire,87,35,52,32,29,6,26,9
1409,2013,Denmark,21326,9815,11511,6524,7723,2092,4432,4328
1410,2013,Dominican Republic,49,32,17,15,31,1,14,18
1411,2013,Ecuador,559,382,177,310,278,104,206,89
1412,2013,Egypt,11157,4056,7101,3583,1630,2426,1157,609
1413,2013,El Salvador,117,83,34,77,55,28,49,12
1414,2013,Eritrea,2,1,1,1,1,0,1,0
1415,2013,Estonia,2904,1181,1723,946,833,348,598,316
1416,2013,Eswatini,35,22,13,19,13,9,10,5
1417,2013,Ethiopia,2592,1342,1250,1101,1076,266,835,306
1418,2013,Faroe Islands,9,4,5,1,4,0,1,3
1419,2013,Fiji,206,52,154,35,36,16,19,18
1420,2013,Finland,15918,6096,9822,4230,4724,1372,2858,2563
1421,2013,France,71115,31921,39194,18894,26298,5623,13271,17137
1422,2013,French Polynesia,24,13,11,9,10,3,6,7
1423,2013,Gabon,88,42,46,35,33,9,26,8
1424,2013,Gambia,20,9,11,9,7,2,7,1
1425,2013,Georgia,699,468,231,410,430,38,372,76
1426,2013,Germany,129681,49960,79721,33180,39170,10790,22390,23026
1427,2013,Ghana,1398,582,816,508,370,212,296,123
1428,2013,Gibraltar,13,5,8,5,4,1,4,0
1429,2013,Greece,13695,4593,9102,3376,3313,1280,2096,1636
1430,2013,Greenland,12,9,3,9,9,0,9,1
1431,2013,Grenada,159,50,109,37,38,12,25,16
1432,2013,Guadeloupe,102,46,56,31,39,7,24,16
1433,2013,Guatemala,113,63,50,50,42,21,29,16
1434,2013,Guinea-Bissau,17,9,8,8,8,1,7,2
1435,2013,Guyana,20,9,11,9,2,7,2,0
1436,2013,Hungary,8085,3775,4310,2214,3140,635,1579,1898
1437,2013,Iceland,1092,464,628,292,384,80,212,239
1438,2013,India,78572,21696,56876,16161,14577,7119,9042,6718
1439,2013,Indonesia,6718,4648,2070,4395,1601,3047,1348,338
1440,2013,Iran (Islamic Republic of),31277,8557,22720,6868,5249,3308,3560,2111
1441,2013,Iraq,1040,382,658,337,207,175,162,66
1442,2013,Ireland,11456,5051,6405,2773,4195,856,1917,2811
1443,2013,Israel,17496,6664,10832,4420,5143,1521,2899,2986
1444,2013,Italy,73681,28660,45021,19294,22936,5724,13570,12443
1445,2013,Jamaica,730,283,447,220,200,83,137,91
1446,2013,Japan,111855,43486,68369,34960,23954,19532,15428,12589
1447,2013,Jersey,22,9,13,5,4,5,0,4
1448,2013,Jordan,2307,662,1645,556,393,269,287,153
1449,2013,Kazakhstan,557,208,349,150,108,100,50,65
1450,2013,Kenya,1592,926,666,692,782,144,548,310
1451,2013,Korea (Democratic People's Republic of),11,4,7,1,3,1,0,3
1452,2013,"Korea, Republic of",74317,26737,47580,21854,15583,11154,10700,7114
1453,2013,Kuwait,822,253,569,212,184,69,143,51
1454,2013,Kyrgyzstan,38,10,28,8,5,5,3,2
1455,2013,Lao People's Democratic Republic,54,34,20,29,31,3,26,8
1456,2013,Latvia,1410,460,950,360,240,220,140,132
1457,2013,Lebanon,1786,498,1288,365,363,135,230,186
1458,2013,Lesotho,28,16,12,16,5,11,5,0
1459,2013,Liberia,8,4,4,3,2,2,1,1
1460,2013,Libya,132,50,82,46,23,27,19,5
1461,2013,Liechtenstein,45,8,37,3,6,2,1,5
1462,2013,Lithuania,2609,1427,1182,1315,682,745,570,148
1463,2013,Luxembourg,1218,597,621,237,544,53,184,410
1464,2013,Madagascar,79,31,48,25,23,8,17,11
1465,2013,Malawi,258,174,84,137,148,26,111,53
1466,2013,Malaysia,18934,7360,11574,5587,4534,2826,2761,2125
1467,2013,Mali,214,192,22,86,188,4,82,124
1468,2013,Malta,443,190,253,99,166,24,75,115
1469,2013,Mauritania,3,1,2,0,1,0,0,1
1470,2013,Mauritius,186,51,135,43,24,27,16,9
1471,2013,Mexico,14566,7085,7481,5934,4856,2229,3705,1767
1472,2013,Micronesia (Federated States of),3,1,2,1,1,0,1,0
1473,2013,"Moldova, Republic of",223,49,174,20,47,2,18,30
1474,2013,Monaco,10,4,6,4,1,3,1,0
1475,2013,Mongolia,226,59,167,48,38,21,27,19
1476,2013,Montenegro,248,109,139,84,78,31,53,27
1477,2013,Montserrat,8,5,3,4,4,1,3,4
1478,2013,Morocco,571,284,287,244,216,68,176,42
1479,2013,Mozambique,625,229,396,188,115,114,74,53
1480,2013,Myanmar,46,12,34,11,5,7,4,1
1481,2013,Namibia,147,97,50,73,78,19,54,39
1482,2013,Nepal,1083,809,274,782,347,462,320,80
1483,2013,Netherlands,49400,21535,27865,14487,16795,4740,9747,9621
1484,2013,New Caledonia,34,13,21,8,11,2,6,5
1485,2013,New Zealand,12864,4544,8320,3147,3285,1259,1888,1850
1486,2013,Nicaragua,33,28,5,23,27,1,22,17
1487,2013,Niger,43,21,22,15,20,1,14,9
1488,2013,Nigeria,4673,2283,2390,1955,1528,755,1200,478
1489,2013,North Macedonia,291,120,171,89,72,48,41,37
1490,2013,Norway,14752,6505,8247,4460,5201,1304,3156,2676
1491,2013,Oman,954,364,590,311,265,99,212,69
1492,2013,Pakistan,8296,3479,4817,2852,2566,913,1939,896
1493,2013,"Palestine, State of",663,265,398,216,167,98,118,68
1494,2013,Panama,354,176,178,139,136,40,99,57
1495,2013,Papua New Guinea,95,64,31,51,58,6,45,21
1496,2013,Paraguay,53,30,23,30,20,10,20,1
1497,2013,Peru,2027,1721,306,1607,1462,259,1348,402
1498,2013,Philippines,1685,618,1067,514,348,270,244,156
1499,2013,Poland,26584,11234,15350,9116,7104,4130,4986,2914
1500,2013,Portugal,15328,7172,8156,4174,5831,1341,2833,3605
1501,2013,Qatar,1359,345,1014,243,276,69,174,130
1502,2013,Romania,6230,2155,4075,1846,1123,1032,814,398
1503,2013,Russian Federation,33032,7391,25641,4330,5518,1873,2457,3520
1504,2013,Réunion,153,86,67,52,74,12,40,40
1505,2013,Saint Kitts and Nevis,21,10,11,5,9,1,4,5
1506,2013,Saint Lucia,1,1,0,1,0,1,0,0
1507,2013,Saint Vincent and the Grenadines,2,0,2,0,0,0,0,0
1508,2013,Samoa,4,0,4,0,0,0,0,0
1509,2013,Saudi Arabia,10923,3921,7002,3142,2682,1239,1903,1013
1510,2013,Senegal,291,133,158,109,104,29,80,36
1511,2013,Serbia,5502,2104,3398,1699,1580,524,1175,526
1512,2013,Sierra Leone,17,11,6,8,10,1,7,6
1513,2013,Singapore,16640,4611,12029,2919,3528,1083,1836,2052
1514,2013,Sint Maarten (Dutch part),10,3,7,3,1,2,1,0
1515,2013,Slovakia,3689,1378,2311,1166,845,533,633,269
1516,2013,Slovenia,3773,1510,2263,1133,1142,368,765,476
1517,2013,Somalia,4,2,2,0,2,0,0,2
1518,2013,South Africa,18230,9662,8568,6968,7656,2006,4962,3652
1519,2013,South Sudan,2,1,1,1,1,0,1,0
1520,2013,Spain,67346,30737,36609,20255,24544,6193,14062,13501
1521,2013,Sri Lanka,1564,884,680,811,430,454,357,91
1522,2013,Sudan,441,164,277,138,117,47,91,33
1523,2013,Suriname,18,8,10,7,5,3,4,1
1524,2013,Svalbard and Jan Mayen,68,29,39,24,23,6,18,11
1525,2013,Sweden,32811,15274,17537,10159,12255,3019,7140,6748
1526,2013,Switzerland,36195,18577,17618,10920,16067,2510,8410,9920
1527,2013,Syrian Arab Republic,183,72,111,57,48,24,33,19
1528,2013,"Taiwan, Province of China",38170,10233,27937,8376,6705,3528,4848,2495
1529,2013,Tajikistan,51,16,35,14,8,8,6,6
1530,2013,"Tanzania, United Republic of",674,401,273,343,340,61,282,94
1531,2013,Thailand,9297,3057,6240,2639,2003,1054,1585,676
1532,2013,Togo,61,19,42,15,18,1,14,4
1533,2013,Trinidad and Tobago,32,11,21,9,7,4,5,2
1534,2013,Tunisia,2682,602,2080,369,434,168,201,256
1535,2013,Turkey,27816,9641,18175,7423,6325,3316,4107,2970
1536,2013,Turkmenistan,1,1,0,1,0,1,0,0
1537,2013,Uganda,1013,698,315,530,598,100,430,224
1538,2013,Ukraine,4784,1554,3230,1213,981,573,640,382
1539,2013,United Arab Emirates,2208,539,1669,402,369,170,232,161
1540,2013,United Kingdom of Great Britain and Northern Ireland,178880,78409,100471,49786,62790,15619,34167,37832
1541,2013,United States of America,623983,259726,364257,154104,209342,50384,103720,141084
1542,2013,Uruguay,790,380,410,285,283,97,188,131
1543,2013,Uzbekistan,265,71,194,51,58,13,38,27
1544,2013,Venezuela (Bolivarian Republic of),986,525,461,465,342,183,282,84
1545,2013,Viet Nam,1860,487,1373,395,286,201,194,113
1546,2013,Virgin Islands (British),23,2,21,1,1,1,0,1
1547,2013,Yemen,410,81,329,60,55,26,34,22
1548,2013,Zambia,258,183,75,133,167,16,117,68
1549,2013,Zimbabwe,960,241,719,184,166,75,109,68
1550,2013,Åland Islands,1,1,0,0,1,0,0,1
1551,2012,,32559,15122,17437,10016,12103,3019,6997,7492
1552,2012,Afghanistan,12,8,4,7,1,7,0,1
1553,2012,Albania,165,66,99,54,25,41,13,14
1554,2012,Algeria,835,230,605,182,115,115,67,67
1555,2012,Angola,18,9,9,7,7,2,5,2
1556,2012,Antigua and Barbuda,173,87,86,77,59,28,49,15
1557,2012,Argentina,8432,3850,4582,2998,2947,903,2095,1214
1558,2012,Armenia,537,228,309,153,171,57,96,93
1559,2012,Australia,72039,26491,45548,17123,20134,6357,10766,12535
1560,2012,Austria,17568,7001,10567,5073,5416,1585,3488,2629
1561,2012,Azerbaijan,709,343,366,327,321,22,305,24
1562,2012,Bahamas,17,6,11,6,4,2,4,0
1563,2012,Bahrain,188,57,131,49,32,25,24,16
1564,2012,Bangladesh,3276,1640,1636,1495,746,894,601,305
1565,2012,Belarus,1299,572,727,509,530,42,467,72
1566,2012,Belgium,23951,10827,13124,6307,8802,2025,4282,5776
1567,2012,Belize,1,0,1,0,0,0,0,0
1568,2012,Benin,611,352,259,290,288,64,226,116
1569,2012,Bermuda,45,22,23,21,15,7,14,8
1570,2012,Bhutan,6,5,1,3,4,1,2,2
1571,2012,Bolivia (Plurinational State of),91,43,48,38,28,15,23,10
1572,2012,Bosnia and Herzegovina,486,228,258,163,186,42,121,78
1573,2012,Botswana,264,91,173,78,60,31,47,17
1574,2012,Brazil,62075,39959,22116,36793,26079,13880,22913,4571
1575,2012,Brunei Darussalam,134,43,91,36,31,12,24,12
1576,2012,Bulgaria,2592,965,1627,785,632,333,452,272
1577,2012,Burkina Faso,137,70,67,56,51,19,37,15
1578,2012,Burundi,13,7,6,7,3,4,3,0
1579,2012,Cabo Verde,3,3,0,3,2,1,2,0
1580,2012,Cambodia,429,147,282,121,88,59,62,40
1581,2012,Cameroon,300,134,166,113,99,35,78,31
1582,2012,Canada,85055,30780,54275,21956,21821,8959,12997,12755
1583,2012,Cayman Islands,5,1,4,1,0,1,0,0
1584,2012,Chad,7,2,5,1,2,0,1,2
1585,2012,Chile,7654,4738,2916,3986,3952,786,3200,1123
1586,2012,China,261531,50625,210906,40371,30635,19990,20381,14339
1587,2012,Colombia,6256,3648,2608,3246,2466,1182,2064,596
1588,2012,Congo,22,8,14,6,8,0,6,3
1589,2012,"Congo, Democratic Republic of the",112,56,56,46,47,9,37,12
1590,2012,Costa Rica,663,479,184,431,379,100,331,88
1591,2012,Croatia,2700,1316,1384,1014,1073,243,771,431
1592,2012,Cuba,496,242,254,207,167,75,132,50
1593,2012,Curaçao,2,0,2,0,0,0,0,0
1594,2012,Cyprus,1807,728,1079,482,617,111,371,274
1595,2012,Czechia,11207,4367,6840,3424,3169,1198,2226,1339
1596,2012,Côte d'Ivoire,24,11,13,10,7,4,6,1
1597,2012,Denmark,19066,8416,10650,5539,6573,1843,3696,3858
1598,2012,Dominican Republic,32,16,16,6,14,2,4,12
1599,2012,Ecuador,472,330,142,287,256,74,213,57
1600,2012,Egypt,9294,3337,5957,2967,1405,1932,1035,540
1601,2012,El Salvador,213,188,25,177,97,91,86,16
1602,2012,Eritrea,2,2,0,2,0,2,0,0
1603,2012,Estonia,2647,1090,1557,909,733,357,552,266
1604,2012,Eswatini,30,15,15,11,10,5,6,5
1605,2012,Ethiopia,2334,1051,1283,841,811,240,601,277
1606,2012,Faroe Islands,10,4,6,3,3,1,2,2
1607,2012,Fiji,162,42,120,30,29,13,17,17
1608,2012,Finland,14433,5544,8889,3988,4219,1325,2663,2224
1609,2012,France,67396,29348,38048,17636,23650,5698,11938,15975
1610,2012,French Polynesia,24,11,13,7,8,3,4,5
1611,2012,Gabon,90,39,51,31,30,9,22,16
1612,2012,Gambia,9,5,4,5,4,1,4,0
1613,2012,Georgia,802,580,222,528,553,27,501,77
1614,2012,Germany,123014,45982,77032,30626,35231,10751,19875,21341
1615,2012,Ghana,1162,432,730,372,287,145,227,93
1616,2012,Gibraltar,3,1,2,1,1,0,1,0
1617,2012,Greece,13246,4435,8811,3324,3244,1191,2133,1538
1618,2012,Greenland,6,4,2,4,4,0,4,0
1619,2012,Grenada,149,46,103,36,29,17,19,15
1620,2012,Guadeloupe,91,29,62,21,20,9,12,10
1621,2012,Guatemala,89,44,45,38,33,11,27,10
1622,2012,Guinea-Bissau,22,15,7,15,11,4,11,4
1623,2012,Guyana,14,10,4,9,4,6,3,1
1624,2012,Hungary,7797,3205,4592,2064,2509,696,1368,1463
1625,2012,Iceland,1085,512,573,282,427,85,197,300
1626,2012,India,65335,18594,46741,13480,12526,6068,7412,6161
1627,2012,Indonesia,4854,3373,1481,3203,1278,2095,1108,270
1628,2012,Iran (Islamic Republic of),28380,8138,20242,6691,4554,3584,3107,1888
1629,2012,Iraq,765,291,474,258,160,131,127,41
1630,2012,Ireland,10661,4570,6091,2552,3783,787,1765,2554
1631,2012,Israel,16557,6267,10290,4204,4795,1472,2732,2816
1632,2012,Italy,66773,25092,41681,16765,19594,5498,11267,11366
1633,2012,Jamaica,661,248,413,188,162,86,102,92
1634,2012,Japan,106572,40644,65928,32848,20864,19780,13068,11636
1635,2012,Jersey,23,6,17,6,3,3,3,0
1636,2012,Jordan,2029,627,1402,519,364,263,256,138
1637,2012,Kazakhstan,359,142,217,93,76,66,27,55
1638,2012,Kenya,1323,741,582,549,629,112,437,275
1639,2012,Korea (Democratic People's Republic of),9,2,7,1,2,0,1,1
1640,2012,"Korea, Republic of",68744,23402,45342,18966,13175,10227,8739,6434
1641,2012,Kuwait,789,219,570,187,128,91,96,53
1642,2012,Kyrgyzstan,37,14,23,12,11,3,9,3
1643,2012,Lao People's Democratic Republic,57,34,23,29,22,12,17,8
1644,2012,Latvia,1386,361,1025,265,223,138,127,117
1645,2012,Lebanon,1458,415,1043,302,294,121,181,147
1646,2012,Lesotho,25,5,20,5,1,4,1,0
1647,2012,Liberia,4,3,1,2,3,0,2,1
1648,2012,Libya,73,21,52,18,15,6,12,3
1649,2012,Liechtenstein,37,3,34,2,2,1,1,2
1650,2012,Lithuania,2617,1282,1335,1167,688,594,573,161
1651,2012,Luxembourg,928,422,506,167,380,42,125,299
1652,2012,Madagascar,69,27,42,22,15,12,10,6
1653,2012,Malawi,245,148,97,107,127,21,86,61
1654,2012,Malaysia,17277,6275,11002,5172,3629,2646,2526,1402
1655,2012,Mali,273,232,41,76,225,7,69,170
1656,2012,Malta,388,153,235,80,134,19,61,91
1657,2012,Mauritania,7,4,3,4,2,2,2,1
1658,2012,Mauritius,146,37,109,26,23,14,12,12
1659,2012,Mexico,13132,5984,7148,4841,4201,1783,3058,1655
1660,2012,Micronesia (Federated States of),1,0,1,0,0,0,0,0
1661,2012,"Moldova, Republic of",233,42,191,17,34,8,9,25
1662,2012,Monaco,7,2,5,2,1,1,1,1
1663,2012,Mongolia,188,49,139,47,35,14,33,4
1664,2012,Montenegro,188,92,96,80,74,18,62,18
1665,2012,Montserrat,6,0,6,0,0,0,0,0
1666,2012,Morocco,671,359,312,336,323,36,300,32
1667,2012,Mozambique,599,186,413,142,105,81,61,55
1668,2012,Myanmar,68,10,58,9,7,3,6,2
1669,2012,Namibia,101,54,47,30,50,4,26,34
1670,2012,Nepal,765,536,229,508,244,292,216,46
1671,2012,Netherlands,45861,20420,25441,14065,15985,4435,9630,9051
1672,2012,New Caledonia,36,17,19,11,15,2,9,7
1673,2012,New Zealand,11666,3778,7888,2733,2631,1147,1586,1472
1674,2012,Nicaragua,19,12,7,12,8,4,8,1
1675,2012,Niger,26,10,16,3,9,1,2,7
1676,2012,Nigeria,3550,1654,1896,1374,1034,620,754,408
1677,2012,North Macedonia,228,103,125,90,46,57,33,16
1678,2012,Norway,14107,5955,8152,4236,4624,1331,2905,2334
1679,2012,Oman,745,236,509,198,166,70,128,47
1680,2012,Pakistan,7060,2981,4079,2492,2153,828,1664,728
1681,2012,"Palestine, State of",641,256,385,221,123,133,88,44
1682,2012,Panama,386,165,221,132,125,40,92,55
1683,2012,Papua New Guinea,95,58,37,48,51,7,41,21
1684,2012,Paraguay,57,29,28,26,22,7,19,4
1685,2012,Peru,1433,1193,240,1074,945,248,826,321
1686,2012,Philippines,1500,492,1008,383,283,209,174,145
1687,2012,Poland,21756,8992,12764,7167,5710,3282,3885,2555
1688,2012,Portugal,13667,6280,7387,3859,5046,1234,2625,2992
1689,2012,Qatar,1165,269,896,196,190,79,117,91
1690,2012,Romania,5615,1928,3687,1613,1040,888,725,392
1691,2012,Russian Federation,29649,6062,23587,4001,4368,1694,2307,2464
1692,2012,Réunion,157,91,66,75,76,15,60,32
1693,2012,Saint Kitts and Nevis,28,6,22,6,4,2,4,0
1694,2012,Saudi Arabia,8939,3272,5667,2602,2316,956,1646,880
1695,2012,Senegal,262,139,123,107,116,23,84,51
1696,2012,Serbia,5051,1921,3130,1611,1484,437,1174,430
1697,2012,Sierra Leone,10,2,8,2,2,0,2,0
1698,2012,Singapore,15159,4133,11026,2554,3071,1062,1492,1940
1699,2012,Sint Maarten (Dutch part),2,0,2,0,0,0,0,0
1700,2012,Slovakia,3518,1535,1983,1315,963,572,743,300
1701,2012,Slovenia,3544,1574,1970,1219,1213,361,858,472
1702,2012,Somalia,2,1,1,1,1,0,1,0
1703,2012,South Africa,16170,8286,7884,6062,6560,1726,4336,3047
1704,2012,South Sudan,4,1,3,1,0,1,0,0
1705,2012,Spain,64041,28463,35578,18787,22480,5983,12804,12784
1706,2012,Sri Lanka,1193,625,568,556,384,241,315,96
1707,2012,Sudan,374,127,247,110,71,56,54,26
1708,2012,Suriname,8,5,3,4,5,0,4,2
1709,2012,Svalbard and Jan Mayen,88,42,46,30,26,16,14,16
1710,2012,Sweden,30252,13531,16721,8902,10702,2829,6073,6150
1711,2012,Switzerland,33602,16963,16639,9977,14463,2500,7477,9332
1712,2012,Syrian Arab Republic,229,114,115,94,53,61,33,25
1713,2012,"Taiwan, Province of China",35890,9886,26004,7626,6542,3344,4282,2949
1714,2012,Tajikistan,28,4,24,2,3,1,1,2
1715,2012,"Tanzania, United Republic of",610,368,242,322,310,58,264,93
1716,2012,Thailand,8557,2869,5688,2415,1634,1235,1180,681
1717,2012,Togo,65,26,39,22,17,9,13,6
1718,2012,Trinidad and Tobago,26,1,25,1,1,0,1,0
1719,2012,Tunisia,1973,423,1550,317,268,155,162,137
1720,2012,Turkey,23941,7918,16023,6050,4987,2931,3119,2511
1721,2012,Turkmenistan,1,0,1,0,0,0,0,0
1722,2012,Uganda,865,559,306,416,489,70,346,207
1723,2012,Ukraine,4047,1303,2744,1014,827,476,538,337
1724,2012,United Arab Emirates,1765,485,1280,356,310,175,181,168
1725,2012,United Kingdom of Great Britain and Northern Ireland,164550,66080,98470,42529,51384,14696,27833,32739
1726,2012,United States of America,594241,241068,353173,142153,192429,48639,93514,133691
1727,2012,Uruguay,685,335,350,260,251,84,176,100
1728,2012,Uzbekistan,244,53,191,33,41,12,21,26
1729,2012,Venezuela (Bolivarian Republic of),959,429,530,371,263,166,205,83
1730,2012,Viet Nam,1421,363,1058,283,212,151,132,100
1731,2012,Virgin Islands (British),19,2,17,0,2,0,0,2
1732,2012,Yemen,307,83,224,66,60,23,43,18
1733,2012,Zambia,241,167,74,130,139,28,102,47
1734,2012,Zimbabwe,597,197,400,152,147,50,102,67
1735,2012,Åland Islands,2,0,2,0,0,0,0,0
1736,2011,,29684,13139,16545,8346,10303,2836,5510,6772
1737,2011,Afghanistan,6,1,5,1,1,0,1,0
1738,2011,Albania,107,32,75,21,18,14,7,12
1739,2011,Algeria,720,129,591,91,69,60,31,46
1740,2011,Angola,13,9,4,8,8,1,7,1
1741,2011,Antigua and Barbuda,112,41,71,33,33,8,25,11
1742,2011,Argentina,7729,3287,4442,2585,2416,871,1714,1060
1743,2011,Armenia,500,192,308,120,175,17,103,82
1744,2011,Aruba,1,0,1,0,0,0,0,0
1745,2011,Australia,64575,21634,42941,13617,16019,5615,8002,10791
1746,2011,Austria,16416,5812,10604,4025,4397,1415,2610,2443
1747,2011,Azerbaijan,558,175,383,158,151,24,134,18
1748,2011,Bahamas,16,10,6,10,7,3,7,0
1749,2011,Bahrain,193,61,132,46,31,30,16,20
1750,2011,Bangladesh,1836,692,1144,552,470,222,330,201
1751,2011,Belarus,1001,315,686,254,286,29,225,68
1752,2011,Belgium,21815,9521,12294,5419,7696,1825,3594,5320
1753,2011,Belize,2,0,2,0,0,0,0,0
1754,2011,Benin,540,296,244,231,251,45,186,102
1755,2011,Bermuda,45,14,31,12,6,8,4,4
1756,2011,Bhutan,2,1,1,1,1,0,1,0
1757,2011,Bolivia (Plurinational State of),82,37,45,31,20,17,14,8
1758,2011,Bosnia and Herzegovina,311,123,188,100,90,33,67,31
1759,2011,Botswana,254,87,167,73,49,38,35,17
1760,2011,Brazil,54349,34218,20131,31458,22399,11819,19639,4017
1761,2011,Brunei Darussalam,76,21,55,17,13,8,9,6
1762,2011,Bulgaria,2409,714,1695,541,485,229,312,232
1763,2011,Burkina Faso,102,35,67,31,17,18,13,9
1764,2011,Burundi,8,3,5,3,3,0,3,1
1765,2011,Cabo Verde,5,2,3,1,2,0,1,1
1766,2011,Cambodia,360,124,236,92,74,50,42,44
1767,2011,Cameroon,276,101,175,76,79,22,54,34
1768,2011,Canada,80214,27521,52693,19343,18963,8558,10785,12066
1769,2011,Cayman Islands,15,4,11,4,2,2,2,0
1770,2011,Chad,8,2,6,2,2,0,2,0
1771,2011,Chile,7084,4249,2835,3582,3382,867,2715,995
1772,2011,China,259257,38565,220692,29603,22389,16176,13427,12053
1773,2011,Colombia,5557,3264,2293,2875,2256,1008,1867,556
1774,2011,Congo,14,6,8,5,6,0,5,1
1775,2011,"Congo, Democratic Republic of the",63,25,38,18,24,1,17,11
1776,2011,Costa Rica,1178,1007,171,966,589,418,548,63
1777,2011,Croatia,2337,976,1361,738,773,203,535,325
1778,2011,Cuba,489,231,258,190,140,91,99,54
1779,2011,Cyprus,1471,610,861,416,476,134,282,219
1780,2011,Czechia,10029,3351,6678,2429,2417,934,1495,1247
1781,2011,Côte d'Ivoire,23,14,9,4,12,2,2,10
1782,2011,Denmark,16868,6895,9973,4462,5254,1641,2821,3287
1783,2011,Dominican Republic,23,18,5,10,12,6,4,8
1784,2011,Ecuador,441,323,118,287,277,46,241,46
1785,2011,Egypt,7740,2489,5251,2189,1066,1423,766,422
1786,2011,El Salvador,225,191,34,184,115,76,108,16
1787,2011,Eritrea,4,1,3,1,1,0,1,0
1788,2011,Estonia,2144,774,1370,626,552,222,404,207
1789,2011,Eswatini,38,4,34,4,1,3,1,0
1790,2011,Ethiopia,2078,917,1161,719,668,249,470,267
1791,2011,Faroe Islands,9,8,1,7,5,3,4,3
1792,2011,Fiji,95,18,77,12,12,6,6,9
1793,2011,Finland,13450,4798,8652,3295,3540,1258,2037,2064
1794,2011,France,60806,25669,35137,14752,20719,4950,9802,14555
1795,2011,French Polynesia,22,10,12,6,7,3,3,4
1796,2011,Gabon,143,44,99,39,37,7,32,7
1797,2011,Gambia,11,6,5,4,5,1,3,4
1798,2011,Georgia,515,334,181,296,308,26,270,52
1799,2011,Germany,112869,39945,72924,25363,30625,9320,16043,19983
1800,2011,Ghana,938,333,605,283,241,92,191,114
1801,2011,Gibraltar,9,4,5,3,4,0,3,3
1802,2011,Greece,12466,3689,8777,2655,2637,1052,1603,1364
1803,2011,Greenland,1,1,0,1,1,0,1,1
1804,2011,Grenada,163,38,125,33,24,14,19,10
1805,2011,Guadeloupe,82,34,48,23,27,7,16,15
1806,2011,Guatemala,71,28,43,24,18,10,14,5
1807,2011,Guinea,2,0,2,0,0,0,0,0
1808,2011,Guinea-Bissau,22,16,6,14,11,5,9,5
1809,2011,Guyana,13,2,11,2,1,1,1,0
1810,2011,Hungary,7249,2750,4499,1673,2133,617,1056,1356
1811,2011,Iceland,980,407,573,246,324,83,163,225
1812,2011,India,55663,13887,41776,9576,9989,3898,5678,5152
1813,2011,Indonesia,3748,2459,1289,2298,936,1523,775,217
1814,2011,Iran (Islamic Republic of),25078,5832,19246,4792,2852,2980,1812,1261
1815,2011,Iraq,419,108,311,100,50,58,42,10
1816,2011,Ireland,10591,4428,6163,2388,3605,823,1565,2596
1817,2011,Israel,15544,5525,10019,3521,4171,1354,2167,2679
1818,2011,Italy,61354,21180,40174,13551,16377,4803,8748,10241
1819,2011,Jamaica,607,212,395,151,157,55,96,81
1820,2011,Japan,104346,35999,68347,28115,18225,17774,10341,11414
1821,2011,Jersey,17,9,8,7,4,5,2,2
1822,2011,Jordan,1701,463,1238,376,289,174,202,112
1823,2011,Kazakhstan,182,48,134,31,30,18,13,18
1824,2011,Kenya,1241,650,591,459,537,113,346,270
1825,2011,Korea (Democratic People's Republic of),10,4,6,3,2,2,1,1
1826,2011,"Korea, Republic of",61083,18108,42975,14188,10257,7851,6337,5418
1827,2011,Kuwait,747,218,529,196,100,118,78,37
1828,2011,Kyrgyzstan,26,5,21,5,1,4,1,0
1829,2011,Lao People's Democratic Republic,59,32,27,27,24,8,19,8
1830,2011,Latvia,1274,258,1016,165,147,111,54,106
1831,2011,Lebanon,1221,306,915,224,209,97,127,108
1832,2011,Lesotho,21,5,16,4,3,2,2,2
1833,2011,Liberia,4,3,1,3,2,1,2,1
1834,2011,Libya,41,20,21,14,15,5,9,9
1835,2011,Liechtenstein,37,7,30,4,4,3,1,3
1836,2011,Lithuania,2010,1022,988,926,498,524,402,135
1837,2011,Luxembourg,836,322,514,158,264,58,100,196
1838,2011,Madagascar,57,22,35,17,17,5,12,8
1839,2011,Malawi,211,140,71,93,126,14,79,63
1840,2011,Malaysia,13502,4293,9209,3047,3028,1265,1782,1434
1841,2011,Maldives,7,6,1,3,6,0,3,3
1842,2011,Mali,221,190,31,65,183,7,58,143
1843,2011,Malta,255,89,166,45,80,9,36,54
1844,2011,Mauritania,14,7,7,6,5,2,4,2
1845,2011,Mauritius,75,12,63,12,4,8,4,0
1846,2011,Mexico,11145,4669,6476,3704,3314,1355,2349,1383
1847,2011,Micronesia (Federated States of),3,3,0,0,3,0,0,3
1848,2011,"Moldova, Republic of",239,39,200,12,38,1,11,27
1849,2011,Monaco,10,4,6,0,4,0,0,4
1850,2011,Mongolia,147,51,96,42,32,19,23,9
1851,2011,Montenegro,173,72,101,57,58,14,43,19
1852,2011,Montserrat,7,4,3,2,4,0,2,4
1853,2011,Morocco,362,152,210,128,132,20,108,26
1854,2011,Mozambique,642,190,452,149,94,96,53,58
1855,2011,Myanmar,70,13,57,11,7,6,5,6
1856,2011,Namibia,79,47,32,37,36,11,26,18
1857,2011,Nepal,308,169,139,149,119,50,99,32
1858,2011,Netherlands,42719,18908,23811,12943,14739,4169,8774,8391
1859,2011,New Caledonia,23,7,16,7,1,6,1,1
1860,2011,New Zealand,11393,3377,8016,2303,2325,1052,1251,1429
1861,2011,Nicaragua,22,12,10,10,8,4,6,3
1862,2011,Niger,22,11,11,9,8,3,6,3
1863,2011,Nigeria,3114,1258,1856,1070,766,492,578,315
1864,2011,North Macedonia,153,56,97,37,34,22,15,21
1865,2011,Norway,12802,5228,7574,3681,3920,1308,2373,2157
1866,2011,Oman,585,186,399,148,117,69,79,47
1867,2011,Pakistan,6047,2331,3716,1927,1701,630,1297,592
1868,2011,"Palestine, State of",415,143,272,125,75,68,57,27
1869,2011,Panama,300,126,174,91,91,35,56,52
1870,2011,Papua New Guinea,92,52,40,45,45,7,38,25
1871,2011,Paraguay,37,22,15,16,18,4,12,6
1872,2011,Peru,1074,822,252,732,568,254,478,162
1873,2011,Philippines,1066,324,742,215,212,112,103,133
1874,2011,Poland,18234,6527,11707,4954,4021,2506,2448,2109
1875,2011,Portugal,11293,4767,6526,2598,3922,845,1753,2673
1876,2011,Qatar,682,130,552,98,74,56,42,39
1877,2011,Romania,3998,1017,2981,755,613,404,351,326
1878,2011,Russian Federation,29063,4692,24371,2792,3554,1138,1654,2238
1879,2011,Rwanda,1,0,1,0,0,0,0,0
1880,2011,Réunion,154,80,74,64,69,11,53,36
1881,2011,Saint Kitts and Nevis,9,5,4,5,4,1,4,1
1882,2011,Saint Vincent and the Grenadines,1,1,0,1,0,1,0,0
1883,2011,Samoa,3,0,3,0,0,0,0,0
1884,2011,Saudi Arabia,6485,2099,4386,1686,1399,700,986,535
1885,2011,Senegal,192,88,104,66,67,21,45,34
1886,2011,Serbia,3754,1281,2473,1043,960,321,722,316
1887,2011,Sierra Leone,8,2,6,1,2,0,1,1
1888,2011,Singapore,13566,3233,10333,2008,2373,860,1148,1484
1889,2011,Sint Maarten (Dutch part),2,2,0,2,2,0,2,1
1890,2011,Slovakia,2625,899,1726,708,620,279,429,243
1891,2011,Slovenia,3224,1145,2079,830,846,299,531,402
1892,2011,Somalia,2,1,1,0,1,0,0,1
1893,2011,South Africa,13508,6465,7043,4535,5070,1395,3140,2674
1894,2011,South Sudan,6,4,2,3,2,2,1,1
1895,2011,Spain,58342,24184,34158,15064,18969,5215,9849,11744
1896,2011,Sri Lanka,1150,666,484,600,425,241,359,77
1897,2011,Sudan,281,129,152,113,102,27,86,32
1898,2011,Suriname,5,2,3,2,1,1,1,0
1899,2011,Svalbard and Jan Mayen,61,29,32,25,20,9,16,10
1900,2011,Sweden,27662,11629,16033,7322,9073,2556,4766,5655
1901,2011,Switzerland,30332,14488,15844,8071,12421,2067,6004,8523
1902,2011,Syrian Arab Republic,161,61,100,51,27,34,17,13
1903,2011,"Taiwan, Province of China",35337,8412,26925,5884,5362,3050,2834,3113
1904,2011,Tajikistan,42,9,33,7,5,4,3,5
1905,2011,"Tanzania, United Republic of",533,276,257,220,241,35,185,94
1906,2011,Thailand,7196,1980,5216,1657,1124,856,801,496
1907,2011,Togo,52,21,31,17,11,10,7,6
1908,2011,Trinidad and Tobago,35,4,31,4,1,3,1,0
1909,2011,Tunisia,1568,313,1255,235,200,113,122,95
1910,2011,Turkey,21393,5972,15421,4451,3614,2358,2093,1941
1911,2011,Turkmenistan,1,0,1,0,0,0,0,0
1912,2011,Uganda,767,476,291,350,418,58,292,181
1913,2011,Ukraine,3767,848,2919,582,587,261,321,298
1914,2011,United Arab Emirates,1564,380,1184,284,247,133,151,128
1915,2011,United Kingdom of Great Britain and Northern Ireland,152652,58045,94607,35980,44425,13620,22360,30192
1916,2011,United States of America,562505,221363,341142,125506,176353,45010,80496,129016
1917,2011,Uruguay,663,304,359,226,216,88,138,98
1918,2011,Uzbekistan,290,53,237,27,45,8,19,30
1919,2011,Venezuela (Bolivarian Republic of),1101,616,485,555,284,332,223,92
1920,2011,Viet Nam,1090,241,849,185,136,105,80,68
1921,2011,Virgin Islands (British),20,1,19,0,1,0,0,1
1922,2011,Yemen,269,55,214,44,32,23,21,15
1923,2011,Zambia,203,131,72,96,113,18,78,44
1924,2011,Zimbabwe,482,151,331,115,119,32,83,55
1925,2011,Åland Islands,3,1,2,0,1,0,0,1
